426 422 432
87 44 215
269 260 262
92 74 79
294 271 292
34 20 23
545 473 544
779 626 777
64 66 62
21 43 33
348 346 350
395 398 391
30 35 21
155 145 153
10 49 23
27 33 15
38 29 20
206 50 56
60 62 18
123 117 133
31 19 24
20 24 23
30 21 26
35 42 21
22 23 24
24 19 22
22 10 23
26 24 20
21 32 26
20 29 26
23 49 34
26 29 30
32 21 33
27 19 31
108 99 96
38 95 94
20 34 38
30 29 17
41 30 17
40 35 41
32 24 26
33 31 32
27 31 33
24 32 31
45 44 87
21 42 43
41 35 30
45 40 46
50 53 56
36 41 51
55 211 53
108 109 101
49 28 34
96 34 28
104 78 100
98 100 81
42 35 40
44 45 46
45 42 40
69 51 41
40 41 36
87 43 42
15 33 43
18 62 66
87 42 45
46 40 36
44 84 215
53 46 36
53 211 46
66 84 83
87 213 214
48 92 79
206 452 209
37 120 52
115 109 28
70 56 53
60 18 55
69 41 17
70 51 71
70 36 51
49 10 52
55 53 50
71 54 70
206 54 75
208 60 55
18 83 211
70 53 36
73 75 54
60 208 59
56 54 206
207 50 206
207 453 461
676 677 678
208 55 50
458 62 60
61 456 455
64 67 63
458 60 59
64 62 61
90 130 134
84 85 88
455 457 652
64 63 66
88 86 89
68 219 114
85 84 66
85 66 63
454 64 61
89 127 119
651 220 217
109 108 28
69 81 80
105 48 112
69 76 51
56 70 54
74 71 76
54 71 73
74 73 71
6 77 72
452 77 6
71 51 76
73 74 77
73 77 75
77 452 75
76 69 80
74 76 79
29 94 17
72 77 74
95 98 81
80 79 76
104 93 218
81 69 17
80 78 113
81 94 95
78 80 81
85 63 86
129 91 127
211 44 46
18 66 83
43 87 214
44 83 84
67 68 63
213 212 214
86 63 68
216 8 106
86 88 85
89 216 88
8 89 119
88 47 215
68 220 219
86 68 114
67 64 454
86 114 89
48 72 92
74 92 72
102 93 104
112 48 79
38 94 29
81 17 94
96 38 34
95 38 96
99 101 103
98 95 99
97 98 99
105 112 218
99 95 96
100 98 97
28 108 96
49 115 28
110 104 97
81 100 78
143 144 124
110 97 103
97 99 103
133 469 123
118 103 101
104 110 102
97 104 100
123 469 468
39 105 93
106 82 47
134 128 136
216 106 47
99 108 101
115 120 121
144 118 124
125 122 118
103 122 110
124 118 101
150 146 148
79 113 112
112 113 218
80 113 79
218 113 78
120 49 52
130 91 129
131 25 139
150 223 125
110 122 123
110 123 102
124 101 109
125 118 111
121 120 37
127 89 114
49 120 115
143 139 141
115 121 132
118 122 103
123 122 117
133 117 223
93 102 468
132 109 115
124 109 132
125 111 150
122 125 117
144 146 111
116 469 174
221 129 114
91 119 127
221 137 128
542 470 670
114 129 127
134 130 129
139 121 131
134 129 128
121 37 131
132 121 139
165 166 126
125 223 117
137 136 128
135 541 136
542 471 541
134 136 226
221 128 129
541 226 136
651 652 533
136 137 539
138 472 473
226 90 134
147 145 146
143 124 132
175 187 192
159 149 140
156 160 164
142 153 154
25 149 161
139 143 132
144 143 141
147 146 144
144 111 118
145 147 153
150 148 126
147 144 141
146 145 148
161 149 159
161 163 139
158 148 145
165 158 167
150 126 223
126 148 165
179 178 155
146 150 111
478 173 172
154 156 142
147 163 154
154 153 147
153 142 155
163 147 141
154 152 156
229 228 180
169 167 158
160 152 159
152 160 156
176 167 169
166 133 126
155 158 145
155 169 158
159 140 160
161 159 152
164 162 4
160 162 164
163 161 152
161 139 25
154 163 152
160 140 162
139 163 141
184 179 142
164 182 185
158 165 148
165 157 166
173 157 172
177 166 173
177 173 14
165 167 157
169 155 178
478 479 181
183 176 169
157 173 166
175 178 187
174 171 116
167 172 157
176 172 167
171 174 166
133 166 174
178 179 187
187 179 186
178 180 183
183 228 176
14 171 177
166 177 171
179 155 142
178 175 180
142 185 184
199 202 203
175 485 230
480 181 479
14 478 181
478 172 479
242 238 240
184 186 179
178 183 169
228 183 180
185 142 156
186 184 182
164 185 156
182 184 185
4 196 164
229 585 586
186 182 194
191 187 186
200 482 231
196 182 164
189 198 199
191 194 198
175 230 180
200 231 198
191 231 192
191 192 187
190 484 485
482 481 190
475 229 586
199 198 194
188 244 247
199 194 205
194 182 196
235 481 482
194 191 186
197 199 205
200 198 189
205 194 196
202 195 203
246 245 204
491 483 487
195 237 203
196 4 201
199 197 202
199 203 189
238 235 233
237 189 203
196 201 205
197 205 201
57 453 209
209 207 206
453 57 210
50 207 208
59 208 207
452 206 75
57 209 58
16 466 462
459 461 210
18 211 55
44 211 83
213 82 212
43 214 15
215 213 87
47 82 213
15 214 212
88 215 84
213 215 47
88 216 47
8 216 89
455 217 454
467 537 656
104 218 78
105 218 93
220 68 67
137 219 107
220 67 454
107 219 220
114 219 221
137 221 219
469 116 222
39 468 222
126 133 223
135 539 470
539 653 470
542 574 471
568 567 551
227 90 226
180 230 229
226 541 472
485 175 192
229 193 585
480 475 168
229 230 193
192 231 190
198 231 191
189 233 200
237 236 233
233 189 237
235 232 481
254 258 262
239 251 252
200 233 235
233 236 238
245 246 237
236 234 238
246 244 236
236 244 234
240 238 234
235 238 242
250 251 240
232 242 243
240 234 250
242 240 239
234 244 249
284 285 504
242 239 498
242 232 235
498 252 497
476 500 501
250 249 241
237 246 236
237 195 245
247 246 204
254 257 258
246 247 244
249 255 256
188 255 244
250 241 251
234 249 250
251 241 503
240 251 239
249 256 259
269 278 260
256 253 257
244 255 249
260 503 259
188 253 255
256 255 253
257 253 248
259 256 254
258 257 248
254 256 257
258 264 272
252 251 503
259 254 266
249 259 241
262 260 266
503 278 252
258 263 264
263 261 264
264 265 270
170 265 261
258 248 263
264 261 265
270 271 268
268 271 300
259 266 260
254 262 266
272 270 268
278 267 275
286 292 271
274 269 273
262 272 273
278 269 267
271 270 265
268 273 272
290 287 291
265 286 271
258 272 262
264 270 272
273 268 274
262 273 269
170 286 265
340 341 319
275 277 284
252 504 285
328 330 507
300 301 274
267 277 275
267 306 277
306 269 274
278 275 504
298 293 296
277 279 319
274 304 306
298 288 293
282 308 279
284 277 319
282 305 308
283 341 476
277 282 279
284 283 285
588 341 5
285 501 497
293 288 292
289 290 286
289 287 290
312 506 335
291 287 280
286 170 289
290 291 293
296 291 302
293 292 290
292 288 294
286 290 292
291 280 302
293 291 296
294 288 303
300 294 301
295 302 320
691 311 310
314 297 302
296 295 298
321 276 323
296 302 295
336 312 335
301 305 304
320 324 295
279 308 331
268 300 274
271 294 300
303 301 294
304 305 282
302 321 320
506 288 298
301 303 299
306 304 282
274 301 304
301 299 305
309 317 308
277 306 282
306 267 269
305 309 308
339 307 340
309 305 299
319 283 284
311 309 299
318 332 281
299 316 311
593 344 591
299 303 316
596 593 594
295 324 325
311 312 508
331 308 317
311 313 317
315 321 323
302 280 314
298 295 325
303 288 506
311 316 312
311 317 309
332 313 689
338 279 331
319 279 338
341 333 5
321 302 297
315 507 324
276 321 297
315 320 321
323 328 315
336 344 508
365 347 375
337 345 329
315 324 320
324 322 325
336 325 343
506 312 316
337 346 348
323 276 345
507 330 322
323 337 328
328 327 330
337 329 346
328 337 327
357 347 360
357 334 343
317 313 332
332 331 317
332 318 339
334 336 343
340 319 338
344 692 508
298 325 335
336 335 325
343 325 322
334 344 336
346 509 326
339 338 331
338 339 340
332 339 331
318 307 339
307 333 340
341 340 333
176 228 479
319 341 283
495 151 587
501 283 476
330 358 322
358 357 343
592 510 591
590 281 689
349 350 351
323 345 337
370 380 367
354 327 353
348 327 337
350 346 351
353 350 355
369 366 362
353 327 348
351 346 326
350 349 355
372 351 371
351 372 374
355 349 389
354 330 327
350 353 348
353 352 354
365 354 352
375 357 358
381 383 377
353 355 352
387 389 349
362 366 359
343 322 358
362 359 360
330 354 358
358 354 375
594 510 598
360 592 357
362 370 369
359 510 592
352 363 376
372 373 390
347 362 360
377 514 513
347 365 370
511 368 369
352 355 363
371 364 372
12 595 366
380 376 378
368 12 366
370 362 347
368 366 369
369 367 511
376 365 352
367 369 370
7 373 364
351 326 371
364 373 372
388 391 385
351 374 349
399 404 397
349 374 387
375 347 357
354 365 375
376 363 378
365 376 380
377 378 381
512 513 514
519 381 378
380 378 377
388 385 387
405 424 420
380 377 513
380 370 365
519 378 363
379 416 383
400 414 398
514 382 517
379 383 381
517 515 356
356 384 517
511 512 361
374 390 388
385 415 519
423 429 434
391 393 395
388 387 374
389 387 385
374 372 390
414 415 391
519 389 385
355 389 363
373 392 390
393 391 388
393 388 390
395 393 413
527 373 7
395 413 451
390 392 393
427 437 425
413 393 392
379 414 400
399 398 395
449 532 451
409 401 403
399 397 398
412 423 439
399 395 394
398 397 400
403 399 394
404 403 407
397 404 420
383 416 382
442 447 396
408 422 419
407 418 419
416 405 382
413 526 451
407 403 401
403 404 399
520 402 422
383 382 514
400 424 416
439 435 412
441 437 427
407 401 418
404 407 402
411 401 409
435 418 412
532 403 394
411 409 450
624 629 621
412 418 411
447 442 433
411 410 412
410 427 423
412 410 423
528 396 447
392 373 527
415 414 379
398 414 391
379 381 519
391 415 385
379 400 416
404 402 420
417 522 523
400 397 424
418 408 419
411 418 401
422 402 419
402 407 419
417 524 522
527 526 392
427 429 423
439 434 431
420 402 520
356 515 516
420 424 397
611 432 531
416 424 405
695 704 705
442 437 433
711 697 693
435 439 431
698 429 427
440 602 601
431 531 432
698 427 425
410 441 427
715 706 717
431 434 600
694 434 430
435 432 408
525 9 521
408 432 422
450 441 411
530 451 526
434 439 423
603 599 608
440 600 434
611 612 610
435 431 432
613 616 618
600 531 431
698 425 702
623 622 609
411 441 410
435 408 418
445 446 443
430 434 429
711 693 695
433 437 441
444 425 437
446 437 442
445 386 444
448 446 442
443 446 448
446 445 444
437 446 444
449 447 433
529 447 530
433 450 449
442 396 448
532 409 403
450 433 441
532 450 409
395 451 394
526 413 392
6 58 452
209 452 58
209 453 207
455 454 61
220 454 217
62 458 61
107 220 651
459 456 59
460 457 455
460 455 456
460 464 466
59 456 458
61 458 456
461 459 59
462 459 210
459 464 456
16 465 466
207 461 59
210 461 453
210 16 462
466 465 534
224 654 655
462 466 464
456 464 460
462 464 459
538 460 466
465 463 534
534 535 467
538 467 656
93 468 39
123 468 102
469 133 174
468 469 222
653 107 651
669 670 224
472 543 473
227 472 138
226 472 227
472 471 543
473 543 544
584 138 473
484 483 494
483 493 494
228 229 475
477 586 587
500 502 490
168 475 477
589 499 342
173 478 14
479 228 480
172 176 479
475 480 228
181 480 168
481 232 486
485 484 193
231 482 190
235 482 200
487 483 486
491 487 489
190 481 484
484 481 486
230 485 193
190 485 192
487 486 232
484 486 483
232 243 487
489 487 243
488 489 490
495 474 493
490 489 243
489 488 491
490 243 497
496 488 502
496 492 495
494 493 474
483 491 493
491 496 495
495 493 491
585 494 474
484 494 193
496 491 488
151 495 492
490 502 488
342 492 496
498 497 243
252 285 497
242 498 243
252 498 239
588 500 476
589 500 499
501 500 490
476 341 588
497 501 490
501 285 283
259 503 241
502 589 496
278 503 260
278 504 252
284 504 275
335 506 298
591 344 334
303 506 316
324 507 322
328 507 315
311 508 310
336 508 312
595 598 359
346 329 509
593 692 344
512 511 367
361 368 511
367 380 513
518 514 517
377 383 514
367 513 512
515 382 405
512 518 361
420 522 524
517 384 518
524 515 405
382 515 517
361 518 384
512 514 518
519 363 389
379 519 415
523 520 422
520 523 522
524 417 516
426 525 422
420 520 522
525 523 422
523 521 417
515 524 516
405 420 524
9 525 426
523 525 521
7 406 527
406 528 529
529 527 406
530 447 449
529 528 447
527 529 526
451 530 449
526 529 530
436 600 601
605 601 606
451 532 394
450 532 449
656 655 533
654 224 670
535 534 463
466 534 467
665 537 658
658 657 665
535 658 467
463 536 659
658 659 657
460 538 457
466 467 538
136 539 135
653 539 137
664 657 660
551 567 549
542 541 135
472 541 471
470 542 135
540 573 574
574 543 471
544 543 225
571 573 565
584 545 65
544 546 548
554 552 65
575 567 569
225 571 544
551 548 546
548 545 544
65 545 554
784 553 561
560 562 557
558 806 807
783 555 557
550 552 783
545 548 554
548 555 554
876 553 789
547 553 876
555 548 551
783 552 554
549 560 551
557 677 550
567 568 559
575 563 549
555 560 557
562 560 563
571 565 570
559 679 582
568 551 546
680 786 787
551 560 555
560 549 563
563 564 561
562 553 678
553 562 561
677 562 678
556 569 578
562 563 561
791 784 680
563 575 564
667 224 666
568 572 679
575 569 556
556 786 564
546 570 568
567 559 569
568 570 572
559 577 569
577 578 569
571 570 546
572 570 565
544 571 546
571 225 573
660 662 664
582 576 577
574 573 225
573 540 675
574 225 543
540 574 542
564 575 556
567 575 549
686 781 674
787 579 796
688 577 576
578 577 688
673 672 572
566 576 582
687 576 683
579 578 688
582 679 581
556 578 579
559 582 577
685 686 580
583 685 580
566 583 683
583 558 683
494 585 193
545 584 473
586 585 474
587 586 474
586 477 475
495 587 474
477 587 151
5 499 588
500 588 499
496 589 342
500 589 502
592 591 334
313 311 691
593 591 510
357 592 334
359 592 360
510 594 593
690 594 505
366 595 359
690 505 590
12 597 595
505 594 597
596 590 689
692 596 691
359 598 510
597 594 598
597 598 595
607 612 436
531 600 436
601 600 440
605 607 436
695 694 430
605 436 601
622 615 616
607 605 608
9 426 610
599 607 608
531 612 611
606 601 602
613 602 614
606 602 613
606 613 618
618 605 606
620 604 612
613 614 635
608 619 776
611 610 426
604 9 610
432 611 426
436 612 531
620 607 599
610 612 604
602 693 614
616 613 609
614 693 697
623 624 621
609 622 616
608 605 619
623 636 622
616 615 618
721 726 642
637 622 636
619 618 615
618 619 605
428 776 615
603 776 428
609 634 623
607 620 612
777 640 779
635 625 634
615 622 638
636 623 777
614 697 700
615 638 428
701 703 702
707 629 625
631 621 629
779 646 844
636 626 637
634 624 623
625 629 624
632 629 628
632 631 629
632 633 649
645 742 739
649 631 632
621 631 640
628 720 633
632 628 633
708 720 707
768 751 813
635 634 609
624 634 625
613 635 609
635 614 700
777 623 621
626 780 637
617 627 637
637 627 638
637 638 622
428 638 627
724 647 734
639 751 643
643 631 641
631 643 640
641 631 649
641 639 643
721 642 720
648 764 762
645 739 747
737 813 639
633 718 649
729 732 644
647 649 644
737 639 724
780 626 779
643 765 640
730 729 718
645 724 734
775 840 764
739 742 744
633 720 642
718 633 642
647 724 639
747 737 645
652 651 217
653 651 533
455 652 217
457 656 652
653 533 654
137 107 653
653 654 470
655 654 533
533 652 656
537 665 666
656 457 538
537 655 656
11 660 536
660 657 659
467 658 537
659 658 535
463 659 535
660 659 536
11 662 660
669 668 675
782 662 663
565 668 673
580 674 782
662 661 664
671 672 673
662 11 663
224 655 666
657 664 665
667 666 665
537 666 655
667 665 664
668 667 664
670 669 540
668 664 671
675 668 565
224 667 669
668 669 667
542 670 540
670 470 654
664 661 671
671 661 672
674 672 661
781 679 572
565 673 572
671 673 668
782 674 661
582 581 566
573 675 565
669 675 540
677 557 562
550 677 676
553 547 678
676 678 547
576 566 683
785 784 561
786 785 564
581 781 686
556 787 786
568 679 559
781 572 672
808 803 811
583 566 685
800 793 788
686 685 566
581 686 566
580 686 674
558 687 683
804 790 684
576 687 688
804 801 807
332 689 281
689 313 691
590 596 690
594 690 596
692 691 310
689 691 596
692 310 508
593 596 692
694 693 602
693 694 695
602 440 694
434 694 440
430 429 698
702 704 698
709 438 703
705 710 712
707 720 628
625 635 700
701 425 444
425 701 702
713 708 700
697 699 700
444 386 701
629 707 628
386 709 701
438 696 710
698 704 430
705 704 702
705 702 703
695 430 704
710 703 438
711 705 712
711 712 699
717 13 726
625 700 707
708 707 700
713 700 699
713 714 715
716 706 715
701 709 703
705 703 710
697 711 699
695 705 711
714 710 696
714 716 715
699 712 713
714 713 712
710 714 712
717 706 13
649 647 641
713 715 719
714 696 716
713 719 708
719 721 720
719 717 721
715 717 719
639 641 647
727 725 728
708 719 720
728 642 726
644 649 729
728 726 727
644 732 733
645 737 724
734 647 644
765 751 766
717 726 721
649 718 729
884 725 722
726 13 727
718 642 728
730 718 728
730 731 732
884 728 725
749 748 722
746 745 750
742 734 733
730 732 729
733 732 731
736 738 741
738 744 742
644 733 734
733 738 742
738 733 741
754 650 747
828 826 753
756 769 650
766 646 765
818 819 753
741 733 731
855 743 854
739 740 747
754 747 740
744 738 855
756 754 760
746 749 745
741 750 752
770 773 774
768 813 650
754 740 757
768 766 751
739 744 814
813 747 650
746 731 748
731 746 741
750 745 630
855 738 736
742 645 734
731 730 748
884 748 730
750 630 770
748 749 746
741 746 750
762 840 763
814 744 723
750 770 752
860 835 881
757 740 758
752 770 774
650 754 756
758 862 757
755 760 757
760 754 757
758 740 814
761 759 760
815 853 854
773 770 772
761 760 755
759 756 760
816 862 861
735 756 759
840 841 763
759 761 648
875 761 755
764 648 761
875 764 761
765 646 779
643 751 765
768 769 767
766 817 844
769 768 650
817 768 767
769 756 735
421 817 767
767 769 735
741 752 736
771 818 773
770 630 772
772 771 773
774 736 752
821 774 773
855 774 743
815 861 853
743 821 825
608 776 603
615 776 619
636 777 626
621 640 777
765 779 640
766 844 646
844 780 779
778 617 780
637 780 617
679 781 581
672 674 781
662 782 661
580 782 663
555 783 554
550 783 557
787 796 797
553 784 789
564 785 561
680 784 785
787 556 579
680 785 786
801 688 687
797 799 787
682 879 880
789 784 847
791 794 788
847 784 791
684 790 812
681 795 802
680 799 794
800 848 681
805 852 802
848 794 795
788 793 877
846 879 847
680 794 791
795 794 792
684 796 801
794 799 792
579 688 801
803 804 806
796 579 801
797 792 799
787 799 680
805 792 797
810 850 852
848 800 788
798 681 802
792 802 795
805 802 792
807 801 687
684 797 796
797 812 805
804 803 808
790 808 810
801 804 684
558 807 687
851 3 849
806 804 807
790 804 808
798 802 852
803 809 811
812 810 805
851 811 809
810 808 811
684 812 797
810 812 790
639 813 751
747 813 737
739 814 740
853 814 723
821 743 774
764 856 775
859 861 815
834 870 830
844 817 421
768 817 766
837 832 836
773 818 821
867 842 864
818 771 819
869 743 825
828 823 826
830 818 826
832 820 833
835 820 839
831 1 829
859 815 863
753 826 818
824 823 828
832 833 823
1 831 824
834 820 835
818 830 821
821 830 825
830 833 834
824 831 823
826 833 830
829 827 836
823 831 832
831 829 836
833 826 823
834 833 820
837 820 832
870 871 863
868 842 867
864 858 857
836 827 837
831 836 832
839 822 835
820 837 839
837 838 839
837 827 838
822 839 838
764 840 762
841 840 775
858 856 857
843 763 841
867 864 860
775 858 841
421 778 844
841 858 873
780 844 778
880 878 2
789 682 845
789 879 682
791 788 847
847 788 877
794 848 788
681 848 795
849 798 850
851 809 3
810 811 851
849 850 851
810 851 850
810 852 805
798 852 850
814 853 758
854 853 723
855 854 723
869 854 743
744 855 723
855 736 774
875 856 764
856 816 857
816 859 857
860 871 835
858 842 873
856 858 775
861 859 816
815 869 863
858 864 842
857 865 864
816 875 862
861 758 853
757 862 755
758 861 862
863 869 870
864 865 860
865 857 859
868 867 883
859 863 865
871 865 863
881 835 822
843 873 874
874 0 843
882 883 881
873 843 841
869 815 854
870 869 825
830 870 825
871 870 834
835 871 834
871 860 865
842 868 873
868 866 872
873 868 874
868 872 874
0 874 872
862 875 755
856 875 816
789 845 876
547 876 845
878 877 793
847 877 846
847 879 789
877 878 846
880 879 846
883 866 868
878 880 846
860 881 867
881 883 867
881 822 882
866 883 882
748 884 722
728 884 730
