0 0
0 1
10 1
10 0
6 1
5 0
7.5 0
3 1
8 1
2.5 0
7 1
8.75 0
3.75 0
1.5 1
6.25 0
7.5 1
8.125 0
7.25 0.5
7.8125 0.46875
7.25 1
7.125 0.75
7.40625 0.734375
7.125 1
7.0625 0.875
7.203125 0.8671875
6.5 1
7.26555524553571 0.740931919642857
7.375 1
6.8721594833006 0.701704741650299
7.18750581287202 0.625002906436012
7.33022325207544 0.615788665283041
7.27712873726377 0.915746842730432
7.29271183034335 0.826924606922093
7.38538740637292 0.88896181257544
6.99176885982238 0.761509429911188
7.42196536531958 0.640635862729086
7.49537298738174 0.415680637611897
6.75 1
7.04780338425613 0.633270387949548
6.875 0
7.50198072084724 0.589337310671503
7.3845777068794 0.492444262918238
7.51982859976586 0.705229541940053
7.48987025031768 0.824361333809199
7.69230862968327 0.619346471038351
7.59235174189483 0.634740241706167
7.60421214594994 0.498493297304378
7.84378831578901 0.849526372913526
7.1875 0
6.92280395343981 0.883276976719904
7.68010934167694 0.285814022087244
7.3773478108673 0.363670218009636
6.875 1
7.60837281351686 0.380096024290049
7.50222156967127 0.240219293084833
7.72385352023044 0.393529895374633
7.5848264881998 0.287748130400813
7.8125 0
7.65625 0
7.89293195910153 0.26212559770485
7.83107565533826 0.3570139454611
8.03021467128437 0.419223934079133
7.91791692059179 0.428863035472378
7.99115326360406 0.623116417576959
7.98192984834105 0.515661506015855
9 1
7.87314967802999 0.579121977835622
8.07420855116205 0.56186404655758
8.08741812052062 0.666711276928134
7.250670871683 0.372982976264585
7.46415692034174 0.32659788780555
7.40298135835849 0.248063200900586
7.34375 0
7.448508988133 0.192363717112158
7.35643374924535 0.163559705032268
7.534915886761 0.149452546100302
7.28412655828145 0.258460953113324
7.45158910889637 0.0901148952311552
7.06438276071384 0.256414261649887
7.22047323452934 0.134965407488501
7.17396602301091 0.288427172171074
7.09659960208705 0.435679494475888
7.75 1
7.77434996278783 0.561563104765153
7.8048762722134 0.676539629225267
7.90787346264732 0.684203493132032
8.0166617615853 0.745203137074464
7.6664257707325 0.783504026883882
7.92280874337967 0.785075253862869
8.01559079741557 0.873076311430498
8.5 1
8.25 1
7.265625 0.0524239054361411
6.95171107078472 0.105301476856825
7.1483636490231 0.52731091605387
7.04193108264284 0.526999487663089
6.92845345180884 0.586567713249969
6.90738018656224 0.384427287302826
6.99476200615499 0.436738227511547
6.90544519855542 0.486797674491239
6.99693251797437 0.333974414029969
6.75630468950398 0.573729411577365
6.86271732620829 0.200449271552401
6.77424814275485 0.433114328591259
6.96167160245155 0.235200580849429
7.03125 0
7.875 1
8.26667855145983 0.590870739346522
6.83981284556479 0.614559069705446
6.74699315077029 0.698587816453371
6.80534667786246 0.311786910776114
6.51600466497245 0.471613077466467
7.109375 0.0905971528710286
7.13541386978564 0.186675022985535
8.1679132047391 0.810410971010701
6.80664580090761 0.817826984544458
6.5625 0
6.62699191838378 0.330720461756382
6.65055572421666 0.488782719514336
8.125 1
6.8125 0.91954069285763
6.67403263224343 0.876484947600706
6.71969675721456 0.354482483045068
6.70522985580243 0.218203729817454
6.6266515839315 0.626836714229426
6.59136779830918 0.416818845886011
6.45655117493634 0.310617916426864
8.1875 0.914495599680697
8.36221993554915 0.827731300686908
8.2912991456327 0.904217527888135
8.375 1
6.625 1
6.63167649282332 0.755203401221531
6.5562327543879 0.198058894928451
8.4375 0.908754918937385
8.5434924912384 0.734792322781519
8.46596301553858 0.806825935369404
8.38647811696665 0.680247055836162
8.75 1
6.5304795434625 0.8585821961799
6.25 1
6.46910750699593 0.697285464324172
6.12790133086675 0.670480005156238
6.56200466827867 0.693649008615198
6.51136328553898 0.588357609974361
6.30672812501368 0.521757458385519
6.41843805097844 0.526198678387431
6.35808495304766 0.637119574965476
6.36727375698839 0.405993756500824
6.375 1
6.45808556182212 0.401526580562401
5.625 0
6.3125 0.821078884586789
6.23828845757365 0.621337939705992
6.28661897852321 0.717037980331399
6.12412321449448 0.513441722177004
6.17616802761974 0.799753062534263
6.28023314516388 0.235046216953159
6.24255522652596 0.414479506790723
6.3125 0.921455565834707
6.20740771033152 0.901969410623686
6.41608110003752 0.871267225210748
6.125 1
6.40049808966552 0.771446201218462
6.08567697406455 0.883291182974489
6.35470794167889 0.304759023990066
6.41186796887905 0.169057031959038
6.22314294965049 0.316730757202633
5.9375 0
6.11989693136307 0.388036708352084
4.5 1
6.40625 0
6.20922790653737 0.15986565682438
6.31193013311106 0.133988410962358
6.50140002947664 0.097195198421727
5.89970157844749 0.458231249366999
6.0998547495384 0.248617560417008
6.328125 0.045196641537046
6.01969850257792 0.45418722464418
6.0089463888082 0.594777301315473
5.95478830648292 0.310465079608102
6.09375 0
5.99121275320683 0.75395381402331
6.04766993989979 0.327269535682176
6.03909627768927 0.678712355113873
6.09121423625203 0.757825069852529
5.93841384421493 0.667495464152261
5.90581684857912 0.565312814247501
5.25 1
5.66385563916753 0.807596536063039
5.7129331391865 0.522612718753039
5.79115171687529 0.658182473035896
5.81539681288517 0.51676116957139
5.7537917935826 0.338047116979767
5.85761438844244 0.776189519180169
5.625 1
5.95664262978278 0.87836845087136
5.8125 1
5.75496302569102 0.756284004263461
5.78462986376696 0.877929917595663
5.63960783939464 0.65800501725733
5.90625 1
5.71875 1
5.671875 0.909341191826118
5.4375 1
5.87054496909097 0.913952457903491
7.63056605054029 0.193086702715484
7.77553059792453 0.17523248176414
7.77802655021839 0.273846712255053
7.6930708915016 0.103149391692859
7.96875 0
7.70367543001685 0.491197772560518
7.625 1
7.71683567289073 0.888423347272664
7.59617384990475 0.88182722827665
7.7705086821343 0.775140210475779
7.92279308107588 0.911612794537807
8.18977188129913 0.44811686450846
7.03631001710728 0.159784527265749
8.20513080238258 0.695168109195087
8.1665652990053 0.602101013391054
8.26861170288248 0.779300348250955
6.71875 0
6.54550907843475 0.288980281846572
8.56167901518995 0.429176518715964
8.83552818033461 0.694589937020783
8.56399329213307 0.889138811105477
8.625 1
5.99003963502236 0.192094779279406
5.83881607195663 0.211493738063319
5.85904745400687 0.35892437157519
5.71543431642174 0.611519080086038
5.43625729422908 0.46032333946104
5.54330013250574 0.750376825831509
5.29989861957181 0.716181539629754
5.49485555493788 0.603476498784261
5.41677695534261 0.767605097902819
5.56188837169492 0.866821807680741
5.39571159174265 0.656948048679967
5.24719972668751 0.523830837048841
5.30186178354173 0.612249298432681
5.12435603684616 0.660881074693147
5.35130250817475 0.520578238334417
5.2938572263125 0.349567481051736
5.30489724508674 0.863355968662718
5.53125 1
5.41986475964504 0.884451158633134
5.34375 1
4.875 1
5.17891368464999 0.793962767435068
5.20702986333267 0.70471240348258
5.20466613078492 0.609286259998202
5.07304771063744 0.492716025649135
5.0625 1
4.96412021690369 0.804294687604286
5.2018834755962 0.901319407001811
5.07650850841333 0.87200875696462
4.96875 0.924976930164283
4.84722846039062 0.869208983134736
5.06795268124634 0.759084118061938
4.94768379295623 0.624707865086032
4.6875 1
4.84349723249411 0.72478896041666
4.78125 1
4.734375 0.894316411584042
4.59375 0.895180749832827
4.9355648961857 0.716362600781434
4.79802857606807 0.475496805542396
4.66304076577131 0.728515770681083
4.81393943902883 0.58974789893445
4.66364303148366 0.82650242800968
4.54751187272228 0.778221037633364
4.75430775209536 0.776949986339261
4.75108112037056 0.672823533633977
4.64216882071409 0.598085777529497
4.89618467646155 0.414901031292196
3.75 1
4.79766961708096 0.365118350149166
4.90241092521433 0.524596633323609
4.68334261264316 0.302314272928562
4.125 1
4.375 0
4.62891243317406 0.420856972502232
4.93517810706858 0.215369667434143
4.88754230344378 0.309636266078289
5.04867357315227 0.331891623207593
4.46817797737711 0.877204011160435
4.3125 1
4.33237541906324 0.687075413506411
4.40625 1
4.359375 0.899346561032592
4.21875 0.895098254378553
4.39320476543207 0.787190959629724
4.27473498180238 0.790634715753388
4.46412988738869 0.67555999700581
4.0615574548996 0.743620556706003
4.16151600469332 0.797191186849729
3.9375 1
4.18128770441749 0.640256081657604
4.37783899648695 0.447753379546586
4.56974839407894 0.674968161924272
4.51624855921638 0.552023347553757
4.051673615093 0.88210569901228
4.38885781079115 0.573825938029505
4.60228963408473 0.511958487916988
4.51504732871297 0.437022696695178
4.6996450656827 0.490968105191582
4.6875 0
4.5600486423413 0.344900807730719
4.43864267353976 0.342646753310035
4.22191578208305 0.287411920705464
4.32248968634274 0.345593439925609
4.20976630965114 0.472739764439878
4.3548034048435 0.173717272661329
4.03125 1
3.84675344551026 0.797885035340225
4.30236879370329 0.517867323388862
4.43993031096269 0.236738354639397
4.53125 0
4.78921448363026 0.200778987184758
3.96310754829973 0.806189358054272
3.89820916466546 0.896211593479639
3.91751496977705 0.625712756941331
3.78528895769302 0.892677339008454
3.97008477345599 0.708429576676413
4.05128844204881 0.598757937849482
3.375 1
3.64798059720988 0.736321606261644
3.73868498393644 0.79513543879005
3.5625 1
3.76938102750471 0.648444740871585
4.57976835838748 0.202222236363135
4.46698350216969 0.111191828313308
4.84375 0
3.93661824759212 0.375091884664422
4.13944521272613 0.546963739708131
4.03308915328407 0.466860575597449
3.62314977657886 0.873966788411689
4.68446398497455 0.197519060171267
4.62753366211152 0.0978611357277462
4.73993286271923 0.0997421602799105
4.921875 0.0939258326517654
5.3125 0
3.9105002243171 0.499139567864192
4.07705412032346 0.324051473756122
3.65625 1
3.46875 0.877276003122444
3.7036569142298 0.390815676082878
3.54408566911784 0.788641538385293
3.34929337985108 0.69940941198813
3.4341054843755 0.771496231292416
3.32606179848221 0.865445407848236
3.5142874421618 0.591224691976402
3.5573575005722 0.685680974464737
3.64926051674272 0.586727494136876
3.44769468329188 0.669572884896444
3.125 0
3.82235504260177 0.415807359922129
3.79585425399058 0.532122912301775
3.80483222328746 0.204657557147811
3.78205249693153 0.312849982302757
3.4375 0
3.71098737059251 0.241393015539508
3.3477552069399 0.517153761505158
3.1875 1
3.57751992743929 0.461300482575319
3.71699962991458 0.118515671755783
3.52989074006873 0.170946389031635
3.59375 0
3.63219376006063 0.175951968308354
3.5872564538957 0.310214099397964
3.28125 1
3.234375 0.909649528599436
3.09375 0.894026364719196
3.22171525396969 0.766202082320416
3.67548071853119 0.48850003686109
3.46167559298538 0.48526983003527
3.34819398517207 0.299262378118917
3.37870292248549 0.408269948903072
3.17020810235512 0.407850092976823
3.46680438085739 0.324839002984417
3.27451472297629 0.37865685321363
3.17060985199966 0.208346609426317
3.24658044132248 0.278848454336895
3.28125 0
3.22087455250555 0.609358905189365
2.25 1
3.26181792974273 0.68756328463979
3.16567430595278 0.68807862797041
3.3170181762955 0.608843561858745
3.11282167013296 0.785153736422023
3.05372607686528 0.550863957335373
2.98530377223123 0.818922642984399
3.03541025226589 0.68008162744874
2.81550088226868 0.583003888098026
2.93914604193153 0.600529842984545
2.625 1
2.90839214529174 0.372578107004713
2.95591619022693 0.48221687932687
2.83913113237808 0.46771927732876
3.04062502012369 0.380379695057149
2.62294819558057 0.483471668061555
2.71877837208431 0.307323739485861
2.73326115891391 0.506082863922674
2.80357066642806 0.369050962028092
3.01637284105462 0.196583972815039
2.8125 1
2.69570470236416 0.408912239776186
2.52715315106383 0.317214738467517
2.65965735296967 0.584776000208968
2.46171813983966 0.599199043362862
2.55865372389651 0.564072967939263
2.4627993025594 0.450865615474272
2.9530905876469 0.728835195048426
3.09097122280192 0.462256297868481
3.18321930034521 0.511702692974496
3.12367121361 0.308004233146257
2.8125 0
2.55401113653474 0.412465906168337
2.62312431415653 0.341565894657835
2.86172706201399 0.200062218094488
1.25 0
2.6156154342739 0.169866222246042
2.34124102437926 0.524150263763553
2.97931743054164 0.294971422113051
2.27866890647822 0.758824774148651
2.49222487832718 0.132185239562706
2.34580696998156 0.651046869275771
1.875 0
2.24938968164928 0.590985671811335
2.13586895013672 0.595070331780988
2.33499024018282 0.361647013490499
2.44695216941418 0.252996942557488
2.57245477348998 0.7534760549128
2.2457355761209 0.489430894745964
2.43467241924786 0.355003464432136
2.21329251239281 0.226012536038045
2.42591869082141 0.775750944678271
2.0625 1
2.37428743285985 0.441507268798824
2.18594513190926 0.407261386940545
2.48884891471988 0.696605833479922
2.51725217889693 0.883457625400182
2.4375 1
2.33839327994717 0.888215884901622
2.34375 1
2.42841836277579 0.908226102725343
2.65421336072789 0.864911496487861
2.53125 1
2.70818347547566 0.739604123442427
2.63331915243793 0.678049474037398
2.82910061254654 0.707395894910878
7.578125 0.0605529174645738
7.82101945344556 0.0933134006480584
8.10250330327121 0.475032738817213
8.12018027302267 0.377414119551225
8.02332875432288 0.286708859113703
8.28031253945802 0.289398768542455
7.94587311073739 0.339433239376034
7.98234780786846 0.145960797560429
8.15225977546159 0.246101129040672
7.88688742655829 0.164977370398683
8.046875 0.0663356108198827
8.4375 0
8.07769944328352 0.178392259745226
8.28125 0
8.20239319764087 0.115987722031105
8.359375 0.137915124759089
6.796875 0.0958137848641804
6.64468421149358 0.10493152835255
8.50948601221757 0.579419650008769
8.70022302705349 0.79250960054732
8.6875 0.905277807103068
8.84938782734536 0.866440896945316
5.65717689965323 0.181298600105144
5.90299497442515 0.112669851146774
5.07156417701581 0.138979232794468
5.78125 0
6.171875 0.0652071015370834
6.10690913105725 0.145542205591767
6.01401360810112 0.0823052648946268
5.57563726715019 0.486839468188392
5.62869896948608 0.564545246368253
5.53654330017816 0.312755801729766
5.66747030462202 0.41574288193446
5.76284204838864 0.434902423686005
5.51837275548311 0.40826785982838
5.41725005512761 0.339545484397099
5.34193252049331 0.176850524088852
5.34966481478927 0.272052079157066
5.21640810086667 0.234960436066257
5.45992364327183 0.215182042339718
5.46875 0
5.5613299827299 0.21442247578317
5.6398920398544 0.286516082036528
5.50983774551485 0.109457382234427
5.40334328309014 0.0869925355743905
5.17064319378547 0.349360235201844
5.23212077692578 0.426415831162865
5.15625 0
5.16056291931706 0.161954041414638
5.1156397474895 0.254179547136327
5.25290884425112 0.149177544690041
5.04625613796034 0.592800108967269
4.99873450425002 0.421719503873703
4.0625 0
4.27337691401868 0.610273284148037
3.85308192231979 0.699858623223047
4.16748689304794 0.376905906340712
3.46875 1
3.96003990039709 0.220813371714722
3.515625 0.0682163097149354
3.42801333929475 0.132738166319749
3.4244539210547 0.233423889781964
3.31787739243872 0.187062298981655
3.08993780581491 0.108929798125375
2.96875 0
3.203125 0.0852545701073978
3.3366293050349 0.0862735855270701
3.26691645076771 0.471289117289931
2.7386727741183 0.184951782758567
2.65625 0
2.81075919333528 0.106515824788475
2.68698361157925 0.0971452560578003
2.92470150459781 0.105093310423492
2.57831273102903 0.0711495402536588
2.87567081035045 0.807321782324095
2.91966632742684 0.915384825192491
2.71875 1
2.765625 0.894646136490475
2.78085789073539 0.800840738484696
2.32425093403934 0.238567948055254
2.7382757577732 0.645154047922647
8.36762905666063 0.444391916421412
8.359375 0.0468297658972456
8.43977211123941 0.0923724453281674
8.59375 0
8.48030816255549 0.257665684409067
8.27224317228902 0.188813206013955
8.4788785266891 0.667526564823175
8.6992947391213 0.561170119671461
8.60665354883373 0.804937801950746
8.64164349660291 0.70992304251845
8.79726515901995 0.784160184966262
8.90154694706855 0.77574993941024
8.97391447065435 0.877715321104102
9.01241185862002 0.618136877156063
9.5 1
9.03915745576917 0.754747390000708
9.26795741021712 0.639029568044675
9.25 1
9.13723822407577 0.664621761642373
9.125 1
9.52978829873369 0.848843549094595
9.05975646980379 0.844468512087694
9.14968319687763 0.776597075180663
9.4234631361474 0.51466871606411
9.25288896285502 0.86447816005228
9.375 0
9.15722991792416 0.420096608846834
9.25988688511252 0.75171801893763
9.46368768414022 0.709680608114854
9.37932583694859 0.815727646791735
9.35585892132013 0.701958124307142
9.41607368435989 0.617847364800315
8.8743193735291 0.488154933973596
9.19207539176218 0.129028985866323
9.18171844848453 0.545178531677239
9.0633484040975 0.503414868260759
9.29355703973458 0.458344636835695
8.96615804782879 0.528931284170934
8.90668162917946 0.616364562399536
8.97837411820908 0.37760743847887
8.80197012893201 0.592592568634693
8.73609692541323 0.670784579485033
9.32861058544001 0.555467016464288
9.2866968431534 0.220717561244894
9.25306222591684 0.340601142233434
9.3489607829455 0.373454643265021
9.43972386041489 0.328310988799564
9.0625 0
9.10179536533259 0.255758918817688
9.19848968045091 0.26063016678409
9.21875 0
8.875 1
5.7411299253496 0.237702036254115
5.76017122877037 0.118679073111613
5.66952747116922 0.0856019387632611
5.078125 0.0476861026458926
5.234375 0.0552828766277954
4.21875 0
3.99039672390242 0.304339090384623
3.89863794874887 0.290408814986153
4.05179867555064 0.234743647113192
4.02291749054182 0.115811286740151
3.83097329432311 0.0901542298005248
4.17104621577745 0.142813033506006
3.90625 0
3.92364270757062 0.127690626856485
2.1875 0
2.24476682630954 0.333151591795885
2.14486023879497 0.31425330686106
2.00052501717585 0.43358952845069
2.03125 0
2.34375 0
2.10708522024442 0.214302511157909
2.016307400475 0.305724400854515
2.17116049627668 0.120647307332191
2.05716125549227 0.11139994376639
1.78174661129046 0.341679152892551
2.421875 0.0617259815388023
2.39284075324966 0.161065119268542
2.28337933903703 0.133294355795499
1.9040975568157 0.356780921104063
1.85802397076975 0.513555896528004
1.86374908971713 0.180494575046671
1.85196679072453 0.27595196798342
1.5625 0
1.94356412889857 0.238801980082821
1.95708466528965 0.136512414651078
2.265625 0
1.52404799886489 0.375274821338591
1.72621165645298 0.2119741803876
1.64815944600962 0.322134810752386
1.6158230863945 0.418116041754056
1.69269171083237 0.484064896443
1.5159414004008 0.184836814761365
1.71875 0
1.53734827232338 0.587357334755814
1.53042609901064 0.481333138204086
0.75 1
1.41035296011768 0.435333116627106
1.44738743806092 0.539992685495471
1.44191924369148 0.659493289134483
1.70596724113213 0.393325569039372
1.79296877683897 0.439562832641182
1.61849772068043 0.218387045254021
1.59809005452545 0.107247026345048
1.77391019495848 0.10417673637879
1.18086979087033 0.376780401953667
1.40365539693185 0.285008169891606
1.28735392675116 0.438419827646366
1.44948305067174 0.758711867713593
1.28654640595675 0.317017709457996
1.12484216130435 0.596367112321001
1.00879622351582 0.460669755927287
1.30499304336071 0.154275721521473
1.18382338751446 0.494475103503668
0.625 0
1.3013745414397 0.593186733200096
1.0014830075194 0.200087636807711
8.27965408469793 0.491787212407647
8.2732811237083 0.39057118543643
8.36992463150154 0.554000009606565
8.46810990702638 0.480858756849922
8.45218988030038 0.368058799438714
8.38319417006867 0.291707301667435
8.57686202147963 0.146369992864244
8.48921655799462 0.16786392102008
8.52906500874391 0.0666959831098919
8.671875 0.0831732132964344
8.85838066247925 0.180080679585344
8.77879429299366 0.105324819259233
8.90625 0
8.70568572921326 0.262899884928979
8.5930512382814 0.25794502777888
8.54135090154053 0.336962417412846
8.64548620483612 0.348674951950358
8.7827214262102 0.38097830911291
8.66803555273635 0.456025298870771
8.60082625961492 0.533225419580468
8.81238757882887 0.277455084921348
8.92844930135427 0.272725579618605
8.8802155268274 0.360008626343126
9.00328546170464 0.143306542865759
8.77006348304572 0.484526522730886
9.375 1
9.34191506844246 0.907036371803855
9.44091265873984 0.894279118886954
9.07816015157426 0.355250036708971
9.60267569094005 0.579357499949986
10 0.5
9.75 1
9.296875 0.0834228112038186
9.58587854394538 0.240659176630861
9.140625 0.0511207086244972
9.09762686516128 0.135459527974015
9.35962583821377 0.157099404834579
9.37866429647643 0.252534576866566
4.296875 0.0789497637839371
4.140625 0.0532776908030798
4.25694139659303 0.19384264393249
4.14553974275444 0.233033497515463
1.97253486595335 0.550663224705494
2.07068344620308 0.512245920045897
2.03545797542162 0.641808964993555
1.875 1
1.89240065780795 0.602711985538121
2.22029497367096 0.682534595287693
1.86294431493265 0.693612418340805
1.75409168079042 0.608115763548263
2.22457859731002 0.862271138524024
2.18058003641175 0.773400430097959
2.09325461084997 0.871960814034449
2.12146635906453 0.693451414158039
2.01785957263723 0.768561328414965
1.6875 1
1.6470473067902 0.583877596636738
1.67575952337424 0.705566341933929
2.15625 1
1.96875 0.909768370552428
1.9575739192806 0.695593348434363
1.90809762218307 0.797858121965413
1.78450813621914 0.789488281512214
1.83974903170672 0.890447644148578
1.72298406179294 0.888744253645734
1.78125 1
1.59375 0.90881270411086
1.32838145323145 0.718046301794513
1.64477206642553 0.811231486569944
1.5427106330948 0.723924579994574
1.52822256685061 0.827412997798042
1.125 1
0.726091769784113 0.522635917412571
1.10576676464179 0.437549554728437
1.3125 1
1.48959530771045 0.909697484577591
1.40625 1
1.359375 0.873123095743068
1.21459520929359 0.677307513560875
1.22815377444745 0.81871331220745
1.05508221779666 0.763955194881742
1.11954406463143 0.692474856956435
0.986075028848578 0.6369172525375
1.03775529229192 0.556059492719873
0.9375 0
0.778082473280357 0.70369876101843
1.04379419430836 0.367326456274112
0.8726608293451 0.640975671358917
0.866662442676768 0.457310463453328
0.825548196129274 0.362948169158777
0.933265469655362 0.747864851579259
0.925880883939263 0.541499536783185
0.591052443228118 0.65397961489356
0.824192152853019 0.551070254067356
0.9375 1
0.97868073224215 0.873205249570598
0.950170281676988 0.364787556147783
1.10233090228587 0.878337292385383
1.03125 1
0.84375 0.899466860207071
1.17120182928852 0.236371054590563
0.789475521915109 0.808774782711024
0.375 1
0.889458285815027 0.255529289943914
0.682491721772174 0.205113626311926
0.894160914948509 0.124132651213549
0.778238950036999 0.26207953389068
0.667700137457396 0.375453042216782
0.78125 0
0.781702576270976 0.147309910042524
0.684208416265932 0.0940184006191768
0.46875 0
0.3125 0
0.546875 0.114852045509348
1.26037862983688 0.231635171193233
1.21142787432502 0.151859856752752
1.09375 0
1.1007167559626 0.150992139745616
1.00770314320217 0.0878246945600068
0.751479267390486 0.907400623817888
0.5625 1
0.65625 1
0.609375 0.856527102284973
0.682088075327113 0.767262785264163
0.390625 0.137139652554631
1.953125 0.0459584672578892
1.50079149546219 0.280873263413082
1.40625 0
1.40921227935538 0.17821852579789
1.46837022054985 0.0881013435673668
9.01224384324954 0.234833107735852
8.91484314227417 0.0986869351343201
9.15188869656223 0.897270355457262
9.60936374380472 0.725766288718786
9.54340507637105 0.655422173643032
9.50640765346532 0.565468719186473
9.53218432675546 0.430266948770518
9.8528056769194 0.693154622804092
9.68346787824131 0.860941553170791
9.6718360265326 0.19648143876092
9.70155607083139 0.648197728850845
9.75362771922688 0.467968553348383
10 0.75
9.75814748809825 0.566911235077046
9.87316070641006 0.512082779265075
9.54320269874133 0.327372114374638
9.66045791432411 0.379646502416202
10 0.25
9.64936468878324 0.484651449365968
10 0.625
9.49052913611812 0.224884140560309
9.92409728001292 0.375
9.6875 0
9.57629773613802 0.116304172206135
9.79152615837367 0.334687128489855
9.53125 0
9.46001020175121 0.094469277649143
9.67329540059777 0.0977326793519092
9.84375 0
9.81606644009674 0.149227807103146
9.765625 0.0612533903371658
9.7030750746043 0.290357923947217
1.07518641325789 0.270412523711033
0.751241438977759 0.427484080241276
0.571504854187383 0.498790694959723
0.535999145428963 0.278204733429253
1.171875 0.0609849460265649
0.46875 0.889976431066256
0.46875 1
0.204996989092078 0.720419173469387
0.512874464262852 0.763154115699815
0 0.5
0.234375 0.908119358565748
0.1875 1
0.485431169284287 0.660924242736415
0.328125 0.865104763422128
0 0.75
0.28125 1
0 0.875
0.381580019142718 0.743601235134919
0.11525371920307 0.905244421195395
0.17688301042429 0.820968601629702
0.287671404839438 0.774796925557068
0.302439151665238 0.66230764314791
0.168637097951205 0.548698537820897
0.0776023274492853 0.8125
0.0984542241892738 0.707182538695547
0 0.625
0.0952343824255577 0.610974815422234
0.390625 0.0463169055818639
0.310910440231024 0.0917282790682475
0.270265882396494 0.255745889712821
0.15625 0
1.328125 0.0590908597416449
9.625 1
9.86933853024339 0.869338530243386
9.75077232155317 0.759523130873915
9.90230797688998 0.607039361626142
10 0.125
9.91467009820195 0.1875
9.90453949974097 0.0841693753237873
9.87958188350822 0.283251167241539
0.655795635591954 0.465350144829417
0.639805494362571 0.56901311620636
0.723548540768391 0.621361957510165
0.478210353919296 0.192318819321563
0.399705306876171 0.30752605943728
0.357914723963769 0.224318022166687
0.490612312707594 0.398660733299315
0.278546057641764 0.422722827425312
0.575873488939655 0.36200775207731
0.630648991062407 0.28455717935583
0.432080910683677 0.528687349656494
0.312704008217313 0.337335207272035
0.386692722459277 0.411413426680051
0 0.25
0.202553925357588 0.342797410626908
0.135810110771397 0.221021335903501
0.514365235581671 0.572370567293159
0.393628721025309 0.621081060439918
0.302647288221874 0.541303084189102
0 0.125
0.22399543992753 0.157235004491281
0.121388745445892 0.108231857883218
0.588284053885804 0.199647413470676
9.60239425191928 0.908674498916047
9.90494909511641 0.777129220541064
10 0.875
9.77470480733771 0.902734778157256
9.875 1
0.110584944448283 0.433391944433023
0 0.375
0.0954607803164317 0.322314983599558
1.21875 0.933353540905597
