304 305 281
265 267 274
368 370 510
296 298 397
327 43 321
380 253 263
51 46 44
25 191 166
228 238 237
242 227 220
197 217 212
44 50 40
118 119 75
275 277 395
227 242 244
299 306 304
98 100 70
545 292 544
52 53 51
265 263 20
110 318 89
51 53 12
595 587 416
106 69 40
48 46 11
454 129 128
33 19 275
214 169 172
141 26 158
110 76 70
60 142 85
296 287 278
943 970 942
172 169 168
280 266 257
130 95 115
21 241 228
519 394 392
299 303 295
615 34 99
106 50 47
100 93 109
856 515 855
216 372 225
136 157 113
175 184 182
1033 1017 900
107 60 116
274 280 257
59 76 13
284 277 18
198 202 197
235 22 237
87 94 8
107 8 64
78 453 90
54 47 48
90 71 77
49 54 48
51 12 45
45 11 46
108 426 37
46 48 50
49 10 54
112 134 120
68 112 54
48 11 49
430 104 319
44 52 51
46 51 45
46 50 44
55 53 52
68 54 61
56 12 53
61 54 10
72 69 324
71 453 457
59 56 53
61 67 73
59 53 55
57 61 73
604 605 602
56 59 13
52 77 55
70 76 96
442 428 434
40 50 106
67 9 73
68 61 57
75 58 37
63 34 615
129 152 321
295 303 429
72 40 69
109 58 125
118 424 119
332 331 326
57 79 135
50 48 47
61 10 67
139 128 137
57 81 79
124 60 95
76 101 96
98 451 100
314 310 313
98 70 96
43 114 324
44 72 52
82 81 73
57 73 81
83 84 74
74 81 83
93 34 108
307 427 65
101 59 55
89 76 110
90 52 72
102 88 101
91 324 78
122 43 69
40 72 44
80 79 74
350 164 155
95 345 124
82 73 9
79 81 74
83 86 346
81 82 83
87 86 82
80 74 84
83 82 86
612 92 610
8 107 87
60 85 116
9 94 82
86 85 346
115 107 64
86 87 116
102 55 77
103 97 88
70 100 109
13 76 89
52 90 77
91 90 72
428 36 434
90 91 78
307 108 63
111 125 119
426 108 307
54 112 47
95 107 115
82 94 87
352 140 351
101 76 59
98 88 97
88 102 103
109 93 58
88 98 96
97 451 98
97 449 450
63 108 34
100 99 34
37 58 93
102 101 55
96 101 88
71 310 77
102 310 103
449 97 103
449 314 315
452 99 451
14 125 111
427 433 65
149 160 138
423 424 308
64 27 115
107 95 60
342 459 473
119 58 75
93 100 34
93 108 37
70 109 110
318 110 109
47 112 120
121 113 148
79 80 121
121 136 113
69 106 122
106 47 120
131 115 27
131 130 115
86 116 85
107 116 87
133 144 146
142 124 144
597 601 429
425 75 426
15 111 119
112 68 134
128 122 106
150 136 121
148 135 121
128 106 120
122 321 43
131 132 141
123 131 141
95 130 345
124 117 144
125 14 318
119 125 58
68 135 134
154 139 137
150 127 136
142 143 85
120 137 128
154 137 126
454 128 139
334 332 333
167 168 123
140 117 124
132 26 141
130 131 123
353 354 352
131 27 132
346 143 84
68 57 135
134 126 137
121 135 79
126 134 135
150 121 80
161 157 136
134 137 120
149 126 148
113 160 149
454 152 129
139 138 323
322 328 320
170 130 123
351 169 173
166 158 162
38 39 171
124 142 60
142 133 143
133 146 147
349 143 347
117 356 146
142 144 133
159 348 711
347 133 147
117 146 144
147 146 145
145 356 355
150 164 127
149 148 113
126 135 148
157 156 160
138 139 154
84 155 80
150 80 155
161 151 157
179 181 193
190 179 501
152 322 321
169 170 168
123 141 167
126 149 154
138 154 149
143 349 84
143 133 347
182 176 175
850 500 676
161 136 127
156 157 151
162 25 166
167 171 39
355 479 145
127 174 161
157 160 113
160 156 852
164 165 174
174 165 177
166 360 158
158 26 162
172 168 39
155 164 150
165 164 159
159 164 350
161 174 176
188 191 195
39 168 167
158 167 141
171 167 158
166 191 206
363 502 222
140 130 351
206 207 360
170 123 168
130 170 351
212 207 210
172 39 38
509 169 214
38 212 217
352 173 507
164 174 127
178 175 177
151 179 190
177 176 174
186 181 184
151 161 176
177 165 715
175 176 177
711 713 159
641 645 642
190 156 151
179 151 176
721 178 720
182 181 179
186 358 194
175 721 184
714 717 178
182 179 176
182 184 181
180 189 194
183 186 184
357 186 183
357 185 186
194 358 180
191 188 187
373 219 224
505 508 503
364 200 192
501 500 190
321 122 129
501 179 193
189 193 194
195 24 188
187 361 206
188 24 216
163 363 222
194 193 181
189 359 499
186 194 181
66 676 675
200 202 204
191 25 195
223 215 218
207 212 171
192 153 362
211 198 210
221 201 222
202 201 221
218 215 197
196 361 213
200 209 366
204 209 200
187 206 191
198 211 204
201 202 200
153 192 369
681 204 203
198 204 202
378 213 226
679 211 213
366 192 200
210 207 196
207 206 196
171 158 360
214 172 215
223 503 208
220 227 231
373 220 231
211 210 196
212 210 198
213 211 196
211 203 204
197 212 198
212 38 171
187 188 225
236 230 229
38 217 172
208 508 509
221 218 197
208 214 215
219 23 224
232 220 224
197 215 217
172 217 215
218 221 222
215 223 208
242 220 229
216 24 219
237 238 239
202 221 197
364 362 222
502 223 218
364 222 201
505 503 365
232 224 23
372 216 373
216 225 188
249 231 227
234 239 240
225 226 187
244 248 227
517 679 378
236 239 234
361 226 213
232 233 235
229 232 235
240 239 238
225 376 226
35 21 228
380 257 259
233 22 235
229 220 232
230 255 245
232 23 233
237 236 235
237 35 228
236 237 239
230 236 234
515 250 497
237 22 35
231 372 373
247 256 258
229 235 236
260 512 374
264 238 228
263 253 20
274 267 278
229 230 242
245 244 242
252 497 251
249 227 248
245 242 230
248 244 251
255 230 234
514 512 375
250 246 248
261 686 516
247 255 256
268 249 246
245 251 244
248 246 249
245 252 251
231 249 262
205 693 857
245 247 374
248 251 250
374 258 519
515 497 514
19 33 267
241 21 253
264 385 238
256 255 234
245 255 247
234 240 256
240 391 256
381 259 382
277 275 18
274 257 265
383 264 381
259 381 380
291 266 288
374 519 260
512 513 375
270 261 268
270 272 261
268 262 249
226 376 377
265 254 267
263 265 257
241 264 228
264 241 381
254 19 267
265 20 254
383 381 382
279 286 282
395 279 282
17 299 276
246 858 270
262 268 261
858 250 678
377 378 226
246 270 268
269 692 272
693 859 692
697 868 875
269 272 270
271 685 686
273 685 683
681 679 517
289 288 283
257 266 259
276 284 285
278 287 274
277 284 279
33 278 267
33 282 297
296 400 294
303 299 301
403 401 591
531 399 529
284 276 281
289 291 288
397 288 280
288 266 280
397 280 287
526 292 289
285 17 276
281 279 284
292 32 289
284 18 285
281 406 279
33 395 282
296 297 400
274 287 280
392 394 525
298 527 397
289 32 291
534 554 540
523 521 702
259 266 396
526 289 283
292 290 544
539 534 538
393 518 392
404 282 286
298 294 578
413 412 407
304 281 276
297 296 278
296 294 298
33 297 278
404 400 282
400 401 294
397 527 283
301 16 303
299 295 306
405 402 579
421 422 402
306 295 601
299 17 301
406 286 279
423 15 424
303 16 308
299 304 276
305 304 302
415 409 580
412 414 405
610 92 611
304 306 302
308 429 303
432 435 462
426 75 37
104 430 36
425 426 65
65 92 425
77 310 102
333 335 316
313 310 71
313 312 314
341 312 338
453 316 457
336 457 335
314 312 315
310 314 103
340 459 458
311 339 338
332 334 331
338 336 337
31 317 335
457 336 313
125 318 109
89 318 14
36 307 104
435 434 36
324 69 43
129 122 128
325 330 455
322 327 321
326 331 1323
500 677 854
330 325 329
78 324 114
324 91 72
320 327 322
325 328 329
114 43 327
331 327 1323
322 152 329
329 328 322
456 152 323
329 456 330
852 156 854
332 326 31
114 327 331
31 333 332
78 114 334
78 334 333
78 333 316
31 335 333
114 331 334
335 317 336
338 337 311
313 336 312
459 340 460
336 317 337
312 336 338
315 341 342
473 315 342
338 339 341
341 315 312
341 339 342
339 458 459
459 342 339
307 63 104
618 464 463
438 319 441
452 450 344
130 140 345
124 345 140
346 84 83
85 143 346
347 147 722
155 84 349
712 722 636
711 348 712
347 348 349
350 348 159
155 349 350
348 350 349
169 351 170
352 351 173
508 208 503
117 140 352
355 353 475
352 354 117
355 354 353
356 354 355
641 493 644
723 145 480
146 356 145
117 354 356
720 178 717
498 185 357
500 675 676
186 185 358
66 850 676
206 360 166
171 360 207
206 361 196
226 361 187
153 163 362
222 362 163
163 199 363
199 223 502
200 364 201
362 364 192
209 682 684
504 365 503
192 366 369
370 366 209
371 368 510
368 511 369
370 369 366
368 369 370
371 510 1325
369 511 153
682 209 681
914 687 694
231 262 372
376 372 262
219 373 216
220 373 224
245 374 252
258 374 247
372 376 225
512 252 374
377 376 262
262 261 377
516 377 261
516 378 377
378 273 517
240 385 388
393 30 518
253 380 241
257 380 263
380 381 241
259 396 382
32 700 291
385 386 388
382 387 386
238 385 240
390 391 388
392 518 519
264 383 385
386 385 383
382 386 383
379 386 387
389 382 291
382 389 387
525 390 524
256 391 258
546 701 558
699 387 389
394 391 390
701 557 558
240 388 391
387 522 379
384 393 392
394 390 525
700 545 546
522 523 524
699 522 387
291 700 389
275 395 33
279 395 277
266 291 396
382 396 291
288 397 283
296 397 287
569 572 567
526 399 290
399 527 528
399 528 529
282 400 297
401 400 300
300 579 401
422 592 591
404 405 579
411 407 305
528 698 529
294 401 403
404 286 405
400 404 300
407 286 406
286 407 405
281 305 406
406 305 407
582 584 586
418 411 305
414 402 405
405 407 412
416 408 411
408 584 583
418 302 416
402 414 421
412 413 410
413 407 411
412 410 414
584 585 586
582 409 415
581 420 580
419 421 420
584 415 583
408 583 413
105 594 306
302 594 416
302 418 305
410 420 414
416 411 418
704 41 574
574 567 572
583 410 413
590 420 417
420 421 414
421 419 422
574 575 704
698 592 398
119 424 15
308 16 423
308 424 118
307 65 426
433 427 444
707 706 596
611 707 602
428 427 36
104 63 615
460 461 343
589 585 587
435 437 462
36 427 307
118 75 425
92 65 433
432 434 435
448 614 440
431 433 444
444 427 428
92 433 431
435 36 430
434 432 472
430 438 437
437 435 430
625 469 627
463 439 461
438 430 319
621 622 620
319 452 441
461 62 463
441 465 438
432 462 468
428 440 444
1329 709 445
344 473 439
439 465 441
471 432 468
428 442 440
442 446 440
446 448 440
445 446 447
431 444 440
879 878 445
447 446 442
448 446 445
472 432 471
445 878 448
600 589 595
604 597 429
314 449 103
450 449 315
315 344 450
452 451 450
451 99 100
97 450 451
441 452 344
452 319 615
90 453 71
78 316 453
139 323 454
152 454 323
152 456 329
330 66 455
677 853 851
457 313 71
335 457 316
343 461 439
339 311 458
459 343 473
62 461 460
459 460 343
344 439 441
634 468 462
470 472 471
437 465 467
439 463 465
465 437 438
467 462 437
468 469 625
1 628 629
465 619 467
619 463 620
462 467 634
471 468 633
634 624 469
622 436 627
633 630 632
1327 1328 616
633 468 466
470 1327 472
447 442 472
472 442 434
439 473 343
315 473 344
355 475 478
482 638 485
506 475 353
478 486 483
478 483 479
479 355 478
483 480 479
487 488 489
484 475 6
474 637 485
145 479 480
475 484 478
723 637 636
478 484 486
489 1324 486
485 637 483
483 482 485
6 481 484
486 482 483
1324 491 493
638 482 1324
481 487 484
486 484 487
477 488 481
487 481 488
488 494 491
487 489 486
488 477 494
488 491 489
725 494 496
638 1324 493
492 496 495
491 490 493
649 492 476
491 494 490
664 644 654
474 485 643
494 495 496
649 476 651
494 477 495
909 910 921
648 647 724
673 671 849
189 180 359
357 29 498
189 499 500
500 501 189
193 189 501
222 502 218
199 502 363
504 223 199
505 365 6
6 506 505
223 504 503
353 507 506
475 506 6
353 352 507
214 208 509
505 506 507
505 507 508
509 507 173
507 509 508
169 509 173
680 695 684
518 513 512
368 371 511
514 375 243
514 243 515
518 512 260
252 512 514
697 696 690
678 874 858
686 261 272
378 516 273
517 683 682
681 517 682
513 518 30
519 518 260
258 391 394
258 394 519
379 390 388
386 379 388
523 522 521
525 1326 384
390 379 524
522 524 379
524 523 525
1326 525 523
384 392 525
292 526 290
527 526 283
528 527 298
526 527 399
578 528 298
698 403 592
531 532 530
399 531 290
398 577 529
530 542 290
532 531 529
290 531 530
566 563 570
532 539 538
293 544 543
538 530 532
569 533 565
577 576 529
532 576 539
542 530 540
547 550 553
538 540 530
539 536 563
556 551 42
555 537 550
703 560 561
540 535 542
534 540 538
565 563 536
564 555 561
543 542 535
544 542 543
549 543 535
556 543 549
544 293 545
290 542 544
545 293 546
292 545 32
548 293 543
699 546 521
558 562 702
547 549 550
293 548 701
549 535 550
42 548 556
535 554 550
550 554 555
540 554 535
549 547 551
548 42 557
550 537 553
555 554 534
534 559 555
555 559 561
543 556 548
549 551 556
42 552 557
557 552 558
562 558 552
546 558 521
563 534 539
559 566 561
559 534 563
566 559 563
555 564 537
552 520 562
520 523 702
533 569 567
561 566 703
570 563 565
561 560 564
570 541 566
566 541 703
565 536 569
572 569 573
565 533 568
576 577 573
565 568 570
541 570 568
592 593 398
422 419 575
573 569 536
574 572 571
573 536 576
571 572 573
575 574 571
567 574 41
575 571 593
419 590 704
539 576 536
576 532 529
593 577 398
571 573 577
294 403 578
578 403 698
579 402 591
404 579 300
420 581 417
420 410 580
408 413 411
580 409 581
580 410 583
584 408 585
580 583 415
582 415 584
408 587 585
595 416 594
408 416 587
585 28 586
598 603 595
608 877 876
704 417 41
595 589 587
585 589 705
579 591 401
419 420 590
402 422 591
591 592 403
593 592 422
575 593 422
577 593 571
306 594 302
594 105 595
598 595 105
609 599 600
598 105 597
608 588 609
600 705 589
600 599 705
105 601 597
604 429 605
595 603 600
598 597 606
306 601 105
603 598 596
429 601 295
611 431 613
604 606 597
608 603 596
609 603 608
605 429 308
606 604 602
308 118 605
118 425 612
611 602 610
606 596 598
607 613 614
710 878 879
596 706 608
607 708 706
599 609 588
600 603 609
602 605 610
612 605 118
431 611 92
707 611 607
92 612 425
605 612 610
614 613 431
607 611 613
440 614 431
614 448 708
452 615 99
104 615 319
588 608 876
1327 447 472
877 706 708
465 463 619
463 62 618
620 463 464
621 436 622
467 619 620
626 627 436
620 464 621
622 469 624
466 625 623
626 623 627
467 620 624
622 624 620
468 625 466
627 469 622
1 629 626
623 629 630
623 625 627
466 623 630
626 629 623
443 632 631
630 629 628
630 631 632
1327 632 443
630 628 631
633 632 470
471 633 470
630 633 466
624 634 467
468 634 469
643 485 642
714 715 713
636 722 723
474 647 881
636 637 474
483 637 480
641 638 493
485 638 642
649 496 492
717 714 718
728 727 645
635 712 881
644 493 490
644 846 641
641 642 638
642 640 643
726 640 727
643 724 474
725 490 494
649 651 652
664 654 663
642 645 640
654 652 663
655 849 667
640 648 724
714 178 715
743 758 745
726 648 640
663 671 673
649 652 496
913 665 651
654 496 652
657 651 656
847 650 660
653 660 657
725 644 490
656 653 657
652 651 665
912 662 671
848 912 913
657 660 848
651 476 656
735 903 716
666 884 882
663 652 665
757 750 753
646 668 669
890 883 888
730 728 639
807 769 768
250 515 678
846 645 641
668 661 667
762 741 758
912 671 674
669 662 646
500 499 675
663 674 671
732 730 737
673 664 663
670 668 646
855 672 856
664 639 846
655 639 664
728 658 727
670 756 668
666 882 646
668 667 849
666 646 662
913 651 657
851 138 852
849 671 669
647 736 718
673 655 664
330 850 66
663 665 674
669 671 662
251 497 250
323 138 851
748 755 754
211 679 203
851 853 323
514 497 252
695 680 696
378 679 213
209 684 370
204 681 209
679 681 203
683 517 273
684 682 680
273 686 685
680 682 683
685 271 691
370 684 687
690 691 689
680 683 685
516 686 273
271 686 272
875 868 694
695 875 687
859 861 689
689 692 859
861 859 862
696 697 695
689 271 692
691 696 685
271 689 691
370 687 510
272 692 271
692 269 693
858 874 269
856 857 874
865 863 866
687 914 510
691 690 696
685 696 680
694 871 872
684 695 687
529 698 398
690 866 697
578 698 528
522 699 521
700 699 389
545 700 32
699 700 546
293 701 546
557 701 548
558 702 521
520 702 562
541 0 703
560 703 0
419 704 575
417 704 590
599 28 705
705 28 585
707 596 606
607 614 708
602 707 606
607 706 707
876 877 617
708 448 710
1329 445 447
616 309 709
880 617 710
348 722 712
713 711 635
881 636 474
635 711 712
713 635 714
159 713 165
647 718 635
731 736 648
177 715 178
165 713 715
648 726 731
175 178 721
714 635 718
904 720 716
736 647 648
716 717 718
784 790 903
719 904 825
716 720 717
720 719 721
910 721 719
184 721 183
347 722 348
723 722 147
145 723 147
637 723 480
474 724 647
640 724 643
496 654 725
644 725 654
727 640 645
733 731 726
728 645 639
658 726 727
730 639 655
728 730 732
658 728 732
754 746 748
655 667 730
667 737 730
733 726 658
733 742 731
738 737 667
783 732 737
787 658 732
742 733 782
734 779 729
746 760 762
731 742 735
736 716 718
731 735 736
716 736 735
738 667 661
762 768 769
734 752 764
741 798 745
737 789 783
766 729 740
745 661 756
760 746 740
756 743 745
741 765 798
756 753 743
824 801 822
762 760 768
830 821 826
793 786 763
765 741 762
782 777 796
766 754 752
751 753 750
740 754 766
748 758 743
758 746 762
670 882 757
743 751 748
742 784 735
760 749 768
761 752 755
782 787 783
753 751 743
755 751 750
759 776 775
764 752 761
745 738 661
753 670 757
755 748 751
766 734 729
901 761 755
754 755 752
668 756 661
670 753 756
885 889 888
757 882 886
770 761 759
814 819 767
772 763 770
763 747 764
766 752 734
815 843 844
901 755 750
761 770 764
818 740 729
823 739 802
772 771 763
804 828 747
779 734 747
746 758 748
760 740 749
734 764 747
758 741 745
740 746 754
808 809 744
762 769 765
808 749 809
785 800 780
765 769 803
770 759 772
763 764 770
967 983 958
763 786 747
757 902 750
775 774 772
772 774 771
772 759 775
891 898 894
934 967 958
776 759 901
774 775 773
882 884 886
773 775 776
789 777 783
769 785 803
815 797 812
790 815 825
747 786 804
822 801 744
797 815 790
797 795 806
774 773 956
954 920 944
787 782 733
777 788 796
789 737 738
782 783 777
796 788 795
797 784 795
807 808 801
780 792 803
793 763 771
804 786 829
658 787 733
783 787 732
777 799 905
805 806 788
738 798 789
789 798 799
790 784 797
720 904 719
795 788 806
825 815 844
799 777 789
898 988 956
910 909 183
794 804 829
749 818 809
796 784 742
833 806 805
784 796 795
742 782 796
905 919 777
831 836 838
798 738 745
799 798 765
765 792 799
799 792 905
801 800 785
823 824 811
785 769 807
814 822 744
802 739 827
780 800 802
780 803 785
765 803 792
1009 771 1008
794 826 828
780 833 792
739 791 827
808 807 768
839 838 778
785 807 801
749 808 768
744 801 808
818 749 740
826 821 779
817 816 809
819 820 906
822 1330 811
812 797 806
833 805 792
832 780 802
838 839 843
183 909 357
744 816 814
814 816 819
809 816 744
812 843 815
816 820 819
809 818 817
729 821 818
820 816 817
821 729 779
767 819 810
821 817 818
820 830 906
779 828 826
820 817 821
1330 814 767
822 811 824
802 800 824
824 823 802
824 800 801
845 921 825
987 826 841
821 830 820
827 791 836
802 827 832
747 828 779
794 828 804
841 826 794
839 778 835
906 810 819
837 838 836
806 840 812
834 827 836
806 833 834
780 832 833
834 833 832
827 834 832
834 831 840
907 794 829
920 985 944
837 778 838
834 836 831
838 843 812
836 791 837
840 838 812
29 357 845
839 835 813
834 840 806
838 840 831
794 907 954
954 841 794
955 958 920
845 357 909
843 839 844
839 813 844
844 911 845
825 844 845
844 813 911
664 846 644
645 846 639
884 885 883
660 653 847
666 662 912
673 849 655
668 849 669
853 330 456
500 850 677
138 160 852
853 677 850
854 156 190
677 851 852
330 853 850
456 323 853
500 854 190
677 852 854
857 856 672
515 243 855
678 515 856
205 857 672
857 693 874
270 858 269
250 858 246
205 862 693
863 861 860
863 860 688
860 861 862
689 861 865
693 862 859
860 862 205
863 688 864
689 865 690
871 870 872
697 864 868
861 863 865
866 863 864
697 866 864
690 865 866
864 869 868
688 867 869
7 870 873
688 869 864
873 870 871
868 869 871
694 868 871
873 869 867
870 367 872
367 510 914
869 873 871
867 7 873
874 678 856
693 269 874
687 875 694
695 697 875
706 877 608
617 588 876
708 710 877
617 877 710
445 709 879
710 448 878
709 309 879
879 309 880
635 881 647
879 880 710
636 881 712
646 882 670
666 885 884
883 885 888
894 776 886
885 666 848
884 883 886
848 660 885
892 895 890
883 890 891
902 886 776
793 915 953
890 888 892
889 885 660
895 892 887
650 889 660
887 892 896
890 897 891
883 891 886
888 889 892
891 897 898
896 889 650
951 989 968
894 898 773
776 894 773
886 891 894
5 895 899
897 895 893
895 897 890
889 896 892
897 893 898
915 922 946
893 988 898
898 956 773
895 887 899
926 990 991
761 901 759
902 901 750
886 902 757
901 902 776
784 903 735
904 903 790
903 904 716
825 904 790
805 919 792
788 919 805
1026 830 987
659 810 906
908 907 829
920 954 955
949 960 928
917 948 962
921 719 825
721 910 183
813 29 911
29 845 911
913 912 674
666 912 848
665 913 674
657 848 913
694 872 914
367 914 872
968 1027 1028
938 923 947
948 931 923
923 916 962
925 1033 931
923 931 947
1331 963 1333
793 1009 915
777 919 788
792 919 905
907 955 954
944 841 954
909 921 845
719 921 910
916 938 1008
659 906 1026
1012 1018 1016
925 931 948
990 895 5
925 948 918
774 1008 771
932 937 969
929 946 1332
965 942 970
971 1332 1333
917 962 951
1035 1034 971
972 927 940
1004 1072 1076
929 969 949
951 968 917
781 970 936
929 949 946
976 973 975
934 939 967
935 929 971
970 943 936
977 976 974
934 966 965
975 964 941
1010 918 1028
1035 1050 1034
939 930 924
936 964 781
971 1034 935
915 928 952
926 991 992
983 967 842
975 941 976
972 929 935
942 966 932
920 958 983
937 932 957
924 842 967
977 979 976
941 974 976
1067 1021 1022
968 926 1027
917 968 918
962 916 956
659 1026 986
925 1010 1016
964 936 941
947 963 1331
952 928 960
1332 946 922
771 1009 793
977 974 1025
1025 936 943
928 915 946
774 956 916
918 1010 925
915 952 953
908 829 952
952 829 953
829 786 953
793 953 786
955 907 908
985 983 984
955 908 959
959 958 955
962 948 923
830 826 987
960 959 908
916 923 938
966 957 932
957 966 934
908 952 960
958 959 957
989 990 926
959 960 937
1003 992 999
972 969 929
962 956 951
917 918 948
937 957 959
949 928 946
1106 1108 1109
940 932 969
942 965 966
957 934 958
965 939 934
937 949 969
924 967 939
960 949 937
951 988 989
1037 931 900
932 940 1021
931 1037 947
970 939 965
942 1021 943
972 935 927
969 972 940
970 781 930
970 930 939
1025 941 936
977 1025 978
1045 927 1041
1110 1237 1283
982 977 978
976 979 973
1023 973 979
1283 980 1023
1068 940 927
978 1025 1067
935 1034 1039
977 982 1111
985 984 950
944 985 950
983 842 984
983 985 920
841 944 987
944 950 986
944 986 1026
989 988 893
956 988 951
990 989 893
968 989 926
895 990 893
990 5 991
1000 996 997
1027 992 1015
991 5 995
997 999 995
1000 997 998
995 994 997
5 994 995
991 995 999
1000 993 1005
999 996 1029
998 993 1000
999 997 996
1029 1003 999
997 994 998
999 992 991
1084 1091 1214
1073 1070 1071
1070 1072 1005
1214 1001 1007
1006 1007 996
1006 996 1000
1248 1244 1246
1003 1013 1015
1005 1002 1070
1030 1002 1005
1006 1005 1004
1005 1006 1000
1007 1006 1004
1072 1031 1079
1007 1001 1029
916 1008 774
1009 1008 938
1331 1009 938
915 1009 922
961 1013 1012
1010 961 1012
1032 1091 1084
925 1016 1017
961 1015 1013
1012 1011 1018
1246 1003 1001
1012 1013 1245
1019 1014 1018
1044 1040 1020
1027 1015 961
1003 1015 992
1012 1016 1010
1016 1014 1017
1099 1097 1100
1020 1050 1038
1019 1018 1011
1016 1018 1014
1032 1087 1089
1036 1049 1046
1017 1096 1095
935 1039 1041
932 1021 942
1021 940 1022
935 1041 927
1022 1051 1104
941 1025 974
1283 1023 979
1060 1051 1043
1067 1025 943
830 1026 906
944 1026 987
1027 961 1028
926 992 1027
1010 1028 961
968 1028 918
1007 1029 996
1001 1003 1029
1079 1080 1164
1005 993 1030
1074 1164 1165
1087 1032 1085
1082 1084 1076
931 1033 900
925 1017 1033
971 1333 1035
1039 1034 1040
963 1037 1035
1038 1050 1037
1040 1036 1039
1051 1022 1045
947 1037 963
1037 900 1038
1017 1095 900
1044 1047 1042
1040 1034 1020
1039 1036 1041
1044 1020 1047
1044 1048 1040
1046 1041 1036
1046 1045 1041
1280 1232 1279
1061 1053 1057
1040 1048 1036
1049 1055 1043
1047 1020 1038
1044 1042 1048
1051 1045 1043
1068 1045 1022
1049 1036 1048
1045 1046 1043
1038 1095 1047
1019 1097 1014
1054 1048 1112
1043 1046 1049
1054 1049 1048
1049 1057 1055
1034 1050 1020
1037 1050 1035
1055 1060 1043
978 1104 982
1056 1052 1054
1113 1114 1116
1062 1064 1065
1104 1105 982
1112 1048 1042
1057 1054 1052
1057 1049 1054
1053 1058 1060
1096 1097 1099
1059 1118 1120
1062 1061 1114
1055 1057 1053
1107 1233 1106
1105 1104 1051
1118 1113 1116
1114 1113 981
1053 1060 1055
1051 1060 1058
1117 1057 1052
1061 1057 1117
1066 1065 1063
1061 1062 1065
1024 1234 1163
1064 1063 1065
1062 981 1064
1061 1065 1053
1106 1066 1234
1058 1107 1106
1021 1067 943
1022 978 1067
1045 1068 927
1022 940 1068
1070 1073 1031
982 1105 1109
1072 1070 1031
1079 1076 1072
1070 1002 1071
1005 1072 1004
1179 1167 1176
1071 933 1073
1073 933 1092
1081 1165 1164
1074 1082 1076
1073 1092 1080
1004 1076 1084
1078 1215 1093
1274 1312 1081
1094 1215 1216
1092 1077 1080
1080 1079 1031
1074 1076 1079
1073 1080 1031
1077 1081 1164
1215 1077 1092
1085 1032 1082
1074 1165 1085
1084 1082 1032
1191 1184 1189
1141 1131 1136
1089 1091 1032
1004 1084 1007
1074 1085 1082
1251 1087 1085
1167 1175 1168
1100 1102 1098
1251 1085 1083
1089 1087 1252
1136 1143 1141
1101 1159 1156
1252 1087 1086
1249 1089 1088
1159 1161 1156
1244 1158 1243
1089 1090 1091
1090 1001 1214
1077 1215 1094
1187 1186 1197
1092 933 1093
1169 1172 1179
900 1095 1038
1096 1017 1014
1014 1097 1096
1095 1096 1315
1100 1097 1019
1315 1096 1099
1243 1011 1244
1130 1132 1241
1238 1098 1132
1099 1232 1280
1019 1160 1102
1099 1100 1098
1128 1130 1241
1240 1102 1101
1019 1102 1100
1102 1240 1239
1140 1147 1149
1059 1120 1124
1022 1104 978
1105 1051 1058
1058 1106 1105
1234 1024 1235
1107 1058 1053
1066 1163 1234
1065 1233 1053
1066 1233 1065
1111 1110 979
979 977 1111
1106 1109 1105
1109 1108 1110
1234 1235 1108
1236 1237 1110
982 1109 1111
1110 1111 1109
1279 1112 1042
1054 1112 1056
1117 1115 1116
1114 981 1062
1056 1123 1052
1127 1121 1316
1117 1116 1114
1118 1116 1115
1061 1117 1114
1117 1052 1123
1121 1120 1118
1113 1118 1059
1120 1121 1119
1119 1129 1126
1121 1118 1115
1124 1126 1122
1115 1123 1121
1127 1119 1121
1123 1115 1117
1120 1126 1124
1279 1056 1112
1056 1279 1281
1126 1120 1119
1125 1132 1130
1119 1130 1129
1129 1131 1126
1316 1121 1123
1130 1127 1125
1177 1168 1183
1122 1126 1131
1130 1119 1127
1129 1128 1131
1284 1238 1132
1129 1130 1128
1142 1145 1146
1122 1131 1134
1098 1239 1132
1103 1133 1241
1136 1133 1137
1139 1137 1103
1136 1131 1128
1131 945 1134
1137 1133 1103
1128 1133 1136
1240 1139 1103
1147 1136 1137
1155 1146 1140
1144 945 1141
1161 1152 1156
1153 1155 1140
1147 1140 1143
1131 1141 945
1147 1143 1136
1150 1154 1210
1141 1145 1144
1140 1146 1145
1140 1145 1143
1145 1141 1143
1142 1144 1145
1140 1149 1153
1162 1142 1146
1139 1150 1137
1147 1150 1149
1181 1088 1252
1161 1247 1250
1147 1137 1150
1256 1153 1149
1154 1150 1139
1148 1149 1150
1083 1166 1253
1138 1157 1287
1154 1139 1156
1173 1086 1171
1256 1149 1148
1153 1151 1155
1156 1139 1101
1154 1152 1210
1285 1157 1208
1155 1151 1157
1159 1160 1158
1152 1154 1156
1182 1199 1185
1157 1138 1155
1244 1011 1245
1250 1247 1249
1160 1159 1101
1159 1158 1161
1102 1160 1101
1019 1011 1243
1247 1158 1244
1181 1257 1250
1079 1164 1074
1146 1138 1162
1066 1063 1163
1077 1164 1080
1254 1311 1289
1085 1165 1083
1218 1221 1094
1169 1179 1185
1168 1175 1183
1186 1178 1176
1094 1221 1077
1183 1175 1171
1178 1195 1176
1180 1201 1202
1167 1168 1197
1174 1180 1257
1173 1171 1175
1086 1087 1251
1083 1165 1166
1167 1172 1175
1173 1172 1174
1086 1173 1181
1222 1225 1227
1094 1216 1218
1168 1177 1187
1172 1173 1175
1195 1185 1179
1196 1208 1207
1322 1309 1321
1186 1184 1194
1185 1201 1169
1178 1206 1321
1179 1172 1167
1174 1169 1180
1169 1174 1172
1180 1202 1209
1174 1181 1173
1209 1211 1257
1171 1251 1253
1151 1207 1208
1177 1183 1253
1184 1187 1189
1191 1193 1184
1195 1179 1176
1196 1199 1200
1197 1176 1167
1184 1193 1194
1288 1189 1187
1186 1187 1184
1166 1254 1177
1273 1081 1077
1288 1187 1177
1188 1265 1191
1292 1295 1270
1198 1271 1268
1188 1191 1189
1263 1262 1266
1212 1213 1203
1178 1194 1203
1190 1193 1191
1258 1193 1190
1194 1259 1212
1186 1194 1178
1203 1206 1178
1185 1195 1334
1202 1207 1256
1199 1201 1185
1187 1197 1168
1176 1197 1186
1212 1259 1192
1306 1205 1317
1200 1199 1182
1199 1196 1201
1255 1200 1182
1158 1160 1243
1202 1201 1196
1180 1169 1201
1207 1202 1196
1202 1256 1209
1318 1307 1320
1213 1204 1203
1259 1194 1193
1303 1305 1299
1213 1299 1204
1255 1135 1286
1212 1203 1194
1203 1204 1206
1208 1196 1200
1151 1153 1256
1285 1208 1200
1242 1285 1286
1148 1210 1209
1209 1210 1211
1210 1148 1150
1211 1210 1152
1250 1152 1161
1257 1181 1174
1268 1192 1263
1212 1192 1213
1271 1296 1272
1084 1214 1007
1090 1214 1091
1093 1215 1092
1216 1215 1078
1078 1075 1216
1216 1075 1222
1216 1222 1218
1223 1225 1222
1275 1226 1219
1221 1218 1278
1230 1313 1277
1218 1222 1217
1231 1278 1229
1081 1273 1274
1278 1218 1217
1221 1220 1273
1219 1225 1223
1313 1229 1227
1222 1075 1223
1263 1266 1260
1224 1293 1276
1229 1217 1227
1276 1228 1229
1227 1217 1222
1227 1225 1313
1170 1264 1290
1231 1220 1278
1226 1313 1225
1229 1228 1231
1225 1219 1226
1230 1276 1313
1269 1231 1228
1189 1288 1188
1238 1099 1098
1284 1316 1281
1106 1233 1066
1053 1233 1107
1237 1236 1069
1106 1234 1108
1069 1236 1235
1236 1108 1235
1108 1236 1110
1069 2 1237
1283 1282 980
1284 1132 1125
1232 1099 1238
1102 1239 1098
1241 1239 1103
1139 1240 1101
1103 1239 1240
1241 1132 1239
1128 1241 1133
1155 1138 1146
1157 1151 1208
1019 1243 1160
1246 1245 1013
1001 1248 1246
1012 1245 1011
1013 1003 1246
1248 1001 1090
1244 1245 1246
1249 1247 1090
1161 1158 1247
1090 1247 1248
1244 1248 1247
1089 1249 1090
1249 1088 1250
1181 1250 1088
1152 1250 1211
1253 1251 1083
1086 1251 1171
1089 1252 1088
1086 1181 1252
1177 1253 1166
1171 1253 1183
1254 1166 1310
1188 1289 1269
1321 1309 1334
1204 1308 1322
1256 1148 1209
1151 1256 1207
1209 1257 1180
1250 1257 1211
1262 1190 1264
1192 1258 1263
1193 1258 1259
1192 1259 1258
1264 1170 1262
1268 1263 1267
1264 1190 1265
1300 1301 1302
1258 1190 1262
1262 1263 1258
1267 1198 1268
1190 1191 1265
1265 1291 1264
1269 1265 1188
1290 1270 1295
1263 1260 1267
1262 1170 1266
1192 1268 1298
1188 1254 1289
1292 1293 1295
1265 1269 1291
1291 1269 1292
1221 1273 1077
1213 1298 1299
1220 1231 1311
1192 1298 1213
1274 1273 1220
1274 1310 1312
1314 1224 1276
1277 1275 4
1221 1278 1220
1275 1277 1226
1229 1278 1217
1280 1279 1042
1281 1279 1232
1042 1047 1280
1315 1280 1047
1281 1232 1284
1123 1056 1281
1110 1283 979
1237 2 1282
1282 1283 1237
1284 1125 1316
1232 1238 1284
1286 1285 1200
1287 1285 1242
1255 1286 1200
1242 1286 1135
1177 1254 1288
1285 1287 1157
1188 1288 1254
1254 1310 1311
1231 1269 1289
1170 1290 1261
1264 1270 1290
1292 1269 1228
1264 1291 1270
1293 1292 1228
1270 1291 1292
1276 1293 1228
1290 1295 1261
1293 1294 1295
1293 1224 1294
1261 1295 1294
1268 1271 1298
1271 1198 1296
1299 1271 1300
1299 1298 1271
1300 1271 1272
1299 1300 1303
1300 1302 1297
1303 1300 1297
1301 3 1302
1300 1272 1301
1205 1306 1304
1299 1305 1204
1303 1306 1305
1303 1297 1304
1204 1305 1308
1304 1306 1303
1205 1307 1317
1255 1319 1320
1319 1182 1334
1306 1308 1305
1306 1317 1308
1318 1308 1317
1185 1334 1182
1312 1310 1166
1310 1274 1311
1220 1311 1274
1231 1289 1311
1166 1165 1312
1081 1312 1165
1313 1226 1277
1229 1313 1276
1315 1047 1095
1276 1230 1314
1099 1280 1315
1127 1316 1125
1123 1281 1316
1317 1307 1318
1318 1309 1322
1320 1319 1318
1182 1319 1255
1309 1318 1319
1307 1135 1320
1135 1255 1320
1178 1321 1195
1322 1321 1206
1204 1322 1206
1318 1322 1308
486 1324 482
327 320 1323
491 1324 489
1327 470 632
510 367 1325
523 520 1326
1329 616 709
447 1327 1329
1327 443 1328
616 1329 1327
1009 1331 922
814 1330 822
947 1331 938
922 1331 1333
929 1332 971
1333 963 1035
922 1333 1332
1321 1334 1195
1319 1334 1309
