36 17 16
18 17 41
49 69 84
55 20 33
44 10 9
66 30 45
10 54 11
25 46 49
21 20 55
35 45 30
46 24 56
72 58 37
53 71 37
77 42 64
83 39 69
19 18 52
53 13 43
65 55 33
34 43 12
52 18 41
73 28 36
12 11 34
41 36 28
85 43 61
63 31 34
51 44 9
52 77 64
57 70 6
68 46 56
12 43 13
26 57 27
33 52 64
164 165 2
27 57 48
77 41 60
26 25 49
35 22 45
24 23 56
41 17 36
11 54 34
54 10 44
43 34 31
111 112 101
81 38 68
27 48 8
91 104 122
112 122 104
57 26 49
45 22 21
85 47 71
58 15 37
23 35 56
33 19 52
8 48 51
14 13 53
16 15 58
89 74 51
62 54 44
33 20 19
21 55 45
81 35 67
22 35 23
53 85 71
37 14 53
89 48 103
8 51 9
46 25 24
69 49 46
37 15 14
36 16 58
103 48 6
40 63 76
56 81 68
79 32 65
87 50 72
54 62 76
55 65 80
6 48 57
95 91 59
58 72 88
62 44 74
44 51 74
41 28 60
43 31 61
75 40 62
0 79 92
76 34 54
32 66 80
33 64 65
92 79 65
7 83 93
80 45 55
35 30 67
39 70 84
46 68 69
68 82 93
1 87 94
84 57 49
50 73 88
37 71 72
71 86 94
74 91 90
88 36 58
62 90 75
40 76 62
90 62 74
34 76 63
41 77 52
42 77 60
32 80 65
64 42 78
65 64 92
45 80 66
35 81 56
38 81 67
39 84 69
68 38 82
93 69 68
57 84 70
43 85 53
47 85 61
50 88 72
71 47 86
72 71 94
36 88 73
48 89 51
91 89 59
74 89 91
29 75 90
102 100 98
98 100 6
64 78 92
0 92 78
7 93 82
83 69 93
1 94 86
72 94 87
118 106 113
29 90 116
95 59 100
108 105 5
96 105 107
95 100 101
98 96 102
95 104 91
122 117 110
100 59 103
109 108 5
107 102 96
100 102 101
100 103 6
89 103 59
112 104 101
95 101 104
107 101 102
112 99 123
123 114 110
108 107 105
107 108 111
128 109 5
108 106 111
154 133 136
109 119 106
111 101 107
99 111 106
99 118 123
112 111 99
109 106 108
106 119 113
97 114 123
134 153 126
117 123 110
122 112 117
29 116 115
91 116 90
115 116 122
91 122 116
122 110 115
106 118 99
97 118 113
150 142 141
119 145 113
130 109 128
113 125 97
145 141 125
97 123 118
112 123 117
109 140 119
124 125 142
97 125 124
149 141 140
156 154 136
141 145 140
128 132 126
130 128 126
130 126 148
128 5 132
152 127 162
129 135 131
5 131 132
4 138 129
126 132 134
134 132 135
132 131 135
134 135 144
144 147 139
129 138 135
155 133 154
148 153 156
135 138 144
160 137 158
137 147 143
155 157 139
130 140 109
149 140 130
150 149 151
124 142 121
146 121 142
125 141 142
147 138 143
138 4 143
134 144 139
113 145 125
140 145 119
160 139 147
121 146 164
138 147 144
153 148 126
151 149 162
163 152 162
146 150 151
142 150 146
141 149 150
148 162 130
127 146 151
130 162 149
151 162 127
120 156 136
157 153 134
154 157 155
137 160 147
159 133 155
156 120 163
154 156 153
153 157 154
139 157 134
3 159 158
139 160 155
159 155 160
159 160 158
163 162 148
146 127 161
156 163 148
152 163 120
2 165 161
161 165 146
164 146 165
