0 0
0 1
2 1
2 0
1.5 0
1.5 0.5
1 0.5
1 0
0.737764129073788 0.577254248593737
0.702254248593737 0.646946313073118
0.646946313073118 0.702254248593737
0.577254248593737 0.737764129073788
0.5 0.75
0.422745751406263 0.737764129073788
0.353053686926882 0.702254248593737
0.297745751406263 0.646946313073118
0.262235870926212 0.577254248593737
0.25 0.5
0.262235870926212 0.422745751406263
0.297745751406263 0.353053686926882
0.353053686926882 0.297745751406263
0.422745751406263 0.262235870926212
0.5 0.25
0.577254248593737 0.262235870926212
0.646946313073118 0.297745751406263
0.702254248593737 0.353053686926882
0.737764129073788 0.422745751406263
0.75 0.5
0 0.5
1 1
0.5 0
0.5 1
0.281416370788517 0.137240478282672
0.259421027973273 0.343061472424602
0.28619361155941 0.791100134346594
0.461372875703132 0.256117935463106
0.179205739342749 0.811584427578635
0.263966354622091 0.736924810854973
0.849837637181026 0.379688862641642
0.834790278829556 0.409216776876501
0.569144642001438 0.830520556195618
0 0.25
0.25 0
0.594406077239391 0.900395141011465
0.548109477936261 0.803751289190294
0.538627124296868 0.743882064536894
0.562681863264999 0.770757709132041
0.628456571552339 0.780093738259217
0.596885839232427 0.766149786870374
0.612100280833428 0.720009188833763
0.584019857154108 0.799897039783995
0.524054738968131 0.776875644595147
0.495298557747336 0.826816318495992
0.48499412722965 0.787633617251999
0.645812261279963 0.74310061122511
0.457258872679429 0.815873852121146
0.461372875703132 0.743882064536894
0.716971305082845 0.724637335255503
0.291079108330804 0.721889954879289
0.436083902582641 0.778550356880971
0.817663155071076 0.591524565038685
0.678720951237562 0.723575358629614
0.25 1
0.253057644632374 0.801850300334665
0.743882064536894 0.538627124296868
0.207139143759145 0.742529506929781
0.75 1
0.674600280833428 0.674600280833428
0.697022128581295 0.753785225642202
0.582153192924342 0.861982428138295
0.357112096642347 0.781802105465285
0.456880740989638 0.888778953062809
0.527729460796275 0.850398547165439
0.712835339890987 0.685181372130678
0.772648935481193 0.716355836176371
0.258131709148007 0.706476408268456
0.396139418871885 0.769039161896008
0.467351313635285 0.852379728950352
0.511163103795743 0.904399881797956
0.762189230560029 0.744500367838526
0.805290203365969 0.744502620944248
0.742068128555301 0.702061807126125
0.750177747917926 0.654265687028672
0.769977709132962 0.682211211841433
0.819046851852142 0.695549200838025
0.80961743478701 0.63313858034491
0.782877060391584 0.652084668473596
0.763818450928948 0.612560709891138
0.404891801825505 0.820915176102349
0.387899719166572 0.720009188833763
0.48925991091318 0.878387529561596
0.529697549408776 0.880544065472022
0.192879149938282 0.686565206566413
0.290320707035494 0.758256606629349
0.720009188833763 0.612100280833428
0.812360030816775 0.54947296866067
0.383936027850638 0.797774432001246
0.353391759300695 0.846493610315211
0.355993727742195 0.814190517979749
0.297428272148618 0.825729491896379
0.322149502646139 0.796808365160505
0.429949429539473 0.806699076722444
0.433333989819628 0.841856410125564
0.39455573351911 0.864739101045227
0.218561052996123 0.816556463217221
0.132317812562143 0.544429519020242
0.61067507807226 0.831769213593356
0.779044858672598 0.574057823268241
0.258519708061928 0.767445006613316
0.320104992667564 0.743812695823429
0.367850124064844 0.748585955456328
0.325399719166572 0.674600280833428
0.665860705794961 0.775074396200757
0.78373572282811 0.820907629065908
0.562720107929857 0.925328432676022
0.781180015408387 0.524736484330335
0.793217895786477 0.608383073374403
0.889557472699439 0.561097790500623
0.242435629572406 0.653085977123166
0.288696785373464 0.684062001632642
0.652482584558078 0.817258109015198
0.783737878768675 0.779665385187504
0.621063560040094 0.870145375805025
0.80742904934557 0.459630676647399
0.84931935090328 0.566172217586019
0.320506197732705 0.707147770027604
0.715280301668893 0.813960523403805
0.85684792184526 0.800290329014577
0.66021652437644 0.857628920733236
0.649617712341003 0.891970371235568
0.823173898076731 0.503822986971437
0.784681410477061 0.48830377832801
0.743882064536894 0.461372875703132
0.877577896112677 0.628177770264022
0.696686643544824 0.786744580896558
0.732667045523935 0.770629431375971
0.817384249232019 0.800288266048922
0.684742360387582 0.832004232310471
0.731997849266651 0.877117723356831
0.696094734983396 0.867419184762045
0.864341229621745 0.523216443699674
0.77500152838953 0.436645981797065
0.842669598003828 0.61794414458284
0.848659969948691 0.662165470453434
0.873112707985564 0.592770663081693
0.932139022516423 0.60331196404885
0.900982915246511 0.607241058836297
0.922863316878967 0.655251541541044
0.753754882980523 0.800284939820304
0.74834725568638 0.840250544348847
0.837117835862207 0.766806337662509
0.837112428469637 0.870247502373542
0.660800192361778 0.926126222560805
1 0.25
0.717611260499725 0.844969118561302
0.840576952009288 0.72800910609327
0.784870404863994 0.878506191694956
0.817382275231733 0.838050068261156
0.767723319483545 0.399315767085913
0.899187116044003 0.752787541483898
0.776579693093795 0.849859059490567
0.854565270404363 0.837408733382674
0.720009188833763 0.387899719166572
1 0.3125
0.870400402918785 0.769749806201929
0.91123929523947 0.806149476257298
0.742137213371813 0.35467861444428
0.806531278579627 0.426530055517279
0.837389973664333 0.442255576781836
0.870216277193603 0.446811288474097
0.851256555844483 0.473993077943933
0.803405788669792 0.389709555508049
0.872042119516424 0.409602223669907
0.906301582402001 0.488014461741109
0.882184549930574 0.820477832318667
0.922112145169757 0.864819702492524
0.885800352305436 0.857369304328021
0.908915788369588 0.836922671000388
0.964967707751447 0.827477686571264
0.860529002197648 0.901160561150443
0.875 1
0.890748748106488 0.925465294954965
0.89787784794085 0.89071944771585
0.955908099966661 0.92073029866259
0.922660666966729 0.913908641171794
0.9375 1
0.920781252389222 0.958557177866089
0.72507627920821 0.283164656504157
0.685363251212908 0.286982781026783
0.840397279273036 0.967932278421753
0.816636151406098 0.91008376783251
0.723521426670217 0.321327668911723
0.949446604594917 0.260527534038306
0.861420561554493 0.930991534517876
0.882574255496429 0.962669234178261
0.674600280833427 0.325399719166572
0.791951346044799 0.305002487326222
0.890802507940849 0.350434487702352
0.85230760236175 0.317998684430137
1 0.375
0.898790681102408 0.270550117289712
0.915219235639146 0.299192272163318
0.882240618178022 0.300829718444278
0.836838269917879 0.256351221908416
0.865812063641284 0.272187563570672
0.75 0
0.760038659632312 0.322815468452944
0.794875967515223 0.347735000642611
0.92974152758342 0.431082852848621
0.879398631832123 0.212906849364253
0.819309616825837 0.324596419473884
0.823832648469773 0.289384451920133
0.841237566092116 0.348449995452528
0.787764586045539 0.256107118671294
0.897482668284863 0.42949991624693
0.908874157140765 0.388722546187189
0.657373822215034 0.261021840987491
0.880173893673968 0.378859970614077
0.931898071922696 0.354446583217191
0.612100280833427 0.279990811166237
0.604814085497121 0.20700771472489
0.913556889416653 0.329838518638934
0.956009637974178 0.317336287949701
0.952839714492156 0.393384358350869
0.610466159317936 0.240125890625406
0.702789563004615 0.259796730635045
0.744594756988079 0.242237548995987
0.618120013129655 0.176157888091808
0.436615138672605 0.224803735786691
0.556558506322253 0.195149141497302
0.552253465911226 0.151337896482675
0.655280054169718 0.210479914799484
0.576847521964935 0.225625739261711
0.538627124296868 0.256117935463106
0.508551118682485 0.156635387338808
0.524722662212708 0.218907254007713
0.524705974900836 0.185675839078363
0.486994341605981 0.21428366475843
0.457242469906081 0.190627167052666
0.488414681889142 0.181960213161301
0.459480841714881 0.138286235048042
0.397607131658684 0.231635971388696
0.582654558085337 0.170467719218994
0.625 0
0.605029604883119 0.144378343316698
0.575257602090823 0.122196855420726
0.667911174983896 0.137062433087005
0.524564861921607 0.105829992638309
0.63750212269032 0.149588317637275
0.665526222542503 0.17444741593534
0.630501711000217 0.08941851448156
0.606309974273736 0.111589089401206
0.571979145355945 0.0618456828369349
0.387899719166572 0.279990811166237
0.325399719166572 0.325399719166572
0.528084513813543 0.134865823616216
0.494329419480316 0.124226295730424
0.326775736089604 0.242537508407248
0.494438532985865 0.090360585032864
0.357649894215428 0.207578644708116
0.52444833109058 0.0522806723829045
0.732991960092486 0.159982787261505
0.707252552029482 0.205785721727519
0.35599135065102 0.260439176498491
0.419194152279505 0.190976150932718
0.324085982427218 0.276695773584009
0.311220204555488 0.212008058799675
0.286581802884841 0.314235770645151
0.697219204174353 0.157700685865113
0.719151118354115 0.0954265088220224
0.716967432552659 0.129656565076692
0.778739722270361 0.116412609469786
0.749721318048071 0.131746079454544
0.791412532452954 0.175520969945442
0.288388253108165 0.27388479657221
0.279990811166237 0.387899719166573
0.218151577206717 0.4751576503401
0.242684236258465 0.39083738289071
0.254264332760509 0.292573044856536
0.208525971081704 0.393527136553096
0.287292347339706 0.238329657619736
0.195895318661168 0.441451221775238
0.212955416051104 0.347097386291981
0.241837872348281 0.191141533080315
0.226427639172947 0.422742751114512
0.256117935463106 0.461372875703132
0.177996521474131 0.37797160501898
0.255935775465267 0.255126511958159
0.275836168867814 0.203878624967633
0.269228565833775 0.169772598678703
0.217651993368077 0.131900922501865
0.313455982950655 0.167792844845207
0.248781166468082 0.143563128516311
0.253890453970847 0.0825485890958453
0.188717681524466 0.270886771586702
0.190037155826042 0.544037292872646
0.224549333147484 0.272486133345166
0.220766437120132 0.310104727004772
0.208646111111265 0.226596642765444
0.213808179459296 0.513562332924594
0.170175500432276 0.318743402337311
0.256117935463106 0.538627124296868
0.152754811165736 0.49044798962135
0.224882026214018 0.56337246134188
0.183376023478315 0.473918762909534
0.145695447388158 0.440741897440467
0.179699842903475 0.511465604979283
0.221115756025306 0.77914310258657
0.229139693661664 0.609113445975094
0 0.75
0.426536824345094 0.874636782436744
0.375 1
0.393000420262724 0.926381593266907
0.427569302232401 0.912046012229872
0.400546686948043 0.895731127223027
0.34784065984584 0.899008887117959
0.47209352781451 0.938040310214386
0.4375 1
0.34558011624001 0.730169538420844
0.254330278413676 0.852648361286747
0.625 1
0.62546117742084 0.918787591511453
0.635448184330447 0.959451817977736
0.703378144274772 0.911760974269047
0.561740777129256 0.891483487563998
0.6875 1
0.5625 1
0.596732756747942 0.947401703900483
0.65625 1
0.671875 0.966374234254979
0.71875 0.965035811157889
0.562658916949339 0.962664360370482
0.53125 0.981198828191954
0.499103931441119 0.963139243116416
0.530743629828517 0.944460367401042
0.463801084079699 0.974047475311894
0.422693741929367 0.958691459423221
0.40625 1
0.390625 0.969852976240029
0.34375 0.964680656645585
0.3125 1
0.369435436987711 0.946894516476627
0.339752635349954 0.931468375627672
0.295666138206904 0.953621237459302
0.298290804024211 0.903899808907399
0.835584635529485 0.530868744678172
0.817032111050848 0.663935961274319
0.886341339127982 0.664930057120535
0.916602448396811 0.705373376644949
0.865003082323744 0.697589720868643
0.874261090243623 0.730040236235916
0.875493798056779 0.493901058421025
0.896169061225022 0.518545731479073
0.949898781985726 0.519430212375728
0.922614865329716 0.544444459183715
0.968594867846544 0.567209575205476
0.917522478366809 0.575472562849001
0.965312197751063 0.964686354514658
0.90625 1
0.84375 1
0.770711208972727 0.367951522602918
0.762157036267243 0.28292674839823
0.980134827083105 0.28125
0.981174585077673 0.34375
0.943752439819631 0.289968858524093
1 0.4375
0.917515857406554 0.232167170293029
1 0.125
0.967471291644994 0.20286285685315
0.946282410634796 0.231934588130648
0.931637484202855 0.199689139453147
1 0.1875
0.679390747102016 0.234795428235343
0.640226056407977 0.236417878823689
0.543796526385785 0.0790133549178266
0.5625 0
0.716432911894225 0.233734200250253
0.738678701308568 0.210945031914245
0.775490785474859 0.22019095897389
0.399395751749023 0.102205129926623
0.368732616290931 0.234382659411399
0.38886964764899 0.200936709491048
0.363200476448276 0.156974967581888
0.394840991949495 0.167975094524747
0.4375 0
0.428711428677823 0.156506505237252
0.403427098499142 0.137583184514157
0.373223745279329 0.126348132647257
0.431714662109957 0.117149912832379
0.331186613865111 0.129544186018239
0.436950825608146 0.0845238678299588
0.463350565974833 0.104396711845128
0.472111313044031 0.0414733557796441
0.46875 0
0.468055928859074 0.0733726897563719
0.237680934001685 0.362265072633817
0.332635170585325 0.190926790084952
0.242081359215782 0.224633480416423
0.12016771607638 0.213414099102902
0.191391565922212 0.177179572331079
0.193020687384726 0.300074407348373
0.165143311709291 0.289273242702189
0.1154169428647 0.312929004913793
0.150767133671914 0.246534429540175
0.182029122429032 0.347308624273107
0.134993979049454 0.356719521655419
0.171176026174408 0.414157913657815
0.129865383425218 0.400065404204564
0.0656722141773811 0.448465987245976
0 0.375
0.0681644562031009 0.370788733751621
0.10459453413769 0.433318594598718
0.103951583142605 0.37502299296685
0.0823301831658804 0.404412805070536
0.0899128839626146 0.340325307786233
0.0220144518047724 0.40625
0.10204038836092 0.484336085621679
0 0.3125
0.121047860971094 0.459714996963992
0.0578119614256217 0.284872167191019
0.0437366456474916 0.330354224173775
0.0823301542905787 0.307696905182567
0.102524372344589 0.261423385798934
0.279990811166237 0.612100280833428
0.268942867480577 0.639675802378971
0.226432678994487 0.693482045587218
0.23428074691581 0.726830056083613
0.18425628004357 0.772239111595965
0.149221645253738 0.785612982628302
0.187356262301355 0.589934087350956
0.196833102874473 0.847120858266977
0.146206530546355 0.725138609031434
0.125023132805554 0.860601095667149
0.174591154368911 0.741127664822577
0.141704461613376 0.824585664705331
0.161236393472426 0.855503178308135
0.125 1
0.185873456614498 0.880353562378694
0.223239062811076 0.874252662269128
0.264301128289147 0.931154992606047
0.118273375974605 0.756843642758122
0.259252186108892 0.89290575486452
0.10893542646254 0.798053750581929
0 0.875
0.148277467790814 0.755597887061406
0.0584693193681469 0.764955436209168
0.0898871152713449 0.772074509839811
0.0646535951323234 0.810548902081139
0.0837028395071684 0.72648104396784
0.365673422410535 0.874342863405898
0.335250021919825 0.871126974008358
0.322853988719612 0.843000559421575
0.300807793490058 0.869511716185172
0.480614789813244 0.90842912363107
0.679812129656851 0.892862768912827
0.71875 1
0.694667895523099 0.94312932529025
0.442729226662916 0.937208115123931
0.34375 1
0.316699557698842 0.972231276511484
0.28125 1
0.265625 0.969713303884429
0.148076080270251 0.893188499349161
0.21875 0.964704187633432
0.1875 1
0.223921069086007 0.917027353724107
0.0787811295795906 0.917761313829326
0.179847221642037 0.924678888080594
0.109963201874542 0.895702524443392
0.132096000869257 0.941083442085681
0.0648890417204449 0.865054885634162
0.095388628712991 0.868668070031256
0.0835910579598994 0.837720599233213
0.311159113837054 0.929509082693858
1.00858506934666 0.691411251748581
0.984195860368511 0.533557325155597
1.25 0.5
1.125 0.5
1.00385052274456 0.563111506222879
0.989566101274528 0.593923835787847
0.993487441082141 0.627659090997597
1.0625 0.5
1.05133007224165 0.603840009679737
1.01904964950212 0.607592241755887
1.02100302742011 0.530391791474663
1.04066911635291 0.652854117088247
1.04461710295497 0.563626635491889
1.0540160503535 0.531941902343177
1.09375 0.525397820116971
1.07845468616657 0.556427786832408
1.1411099139444 0.568027175438115
1.1114181141658 0.553391471827548
1.1875 0.5
1.10409688277628 0.605680309730243
1.14026447289599 0.532306260017076
1.15625 0.5
1.18640542308512 0.54908466068724
0.606852850837222 0.0637198882005509
0.96875 1
0.8125 1
0.792007486347581 0.95400409562002
0.830853493503945 0.938048197468789
0.95987918952204 0.364498025502499
0.965529002339146 0.427084667137424
1 0.40625
0.971748900895669 0.46875
0.97050912764984 0.498265792228358
0.939168091903641 0.488362848303753
0.943249848220145 0.458275451789929
0.912316702031201 0.456690416653207
0.953963504773174 0.151493542990082
1 0.21875
0.553036077761497 0.0330998243006953
0.53125 0
0.59375 0.0268378967308055
0.635821078081786 0.0442127154159774
0.758153746647169 0.182973456965424
0.821907325886994 0.21156273743947
0.502418196243179 0.0307259616862092
0.497158392451838 0.0616391055099516
0.375 0
0.348009207489984 0.072757271865206
0.369061815948169 0.0955791640360849
0.394740238506991 0.0507702888177528
0.409689682692877 0.0753452846591285
0.433196206451426 0.0442112970521097
0.222006130279398 0.16468071147626
0.212958761802554 0.197369982756252
0.182898563220299 0.207865850889882
0.148996928842106 0.181964500089336
0.164766649288189 0.131483316163497
0.168007742666279 0.160199523481311
0.133814074714269 0.149517828982594
0 0.125
0.117320145889183 0.0856301966289516
0.178452624875356 0.0698475682836468
0.0734444415763394 0.1310305701465
0.125 0
0.134576920562513 0.115247941801195
0.101784921848602 0.114517993670869
0.162917400834776 0.0987353653255645
0 0.0625
0.19964724259267 0.0998667191173925
0.218175902637889 0.0642931450723484
0.230691822540582 0.103495050129617
0.260690137222691 0.11339908501487
0.302037814659854 0.0881111445160382
0.1875 0
0.252477681714981 0.0412492003501951
0.194019285224226 0.036354183506414
0.14998807560959 0.0362540140037851
0.21875 0
0.3125 0
0.15625 0
0.145588439980616 0.0688380139884836
0.114085619323959 0.0479953348567494
0.223973574676848 0.0301423408703183
0.28125 0.0188219446176203
0.317010761354262 0.0428422970260032
0.0900664581933076 0.0690160871288561
0.0625 0
0.0798331786173776 0.0330901200175791
0.34375 0.0183683754965652
0.0729899289575947 0.0976738672309396
0.09375 0
0.0378044832955987 0.11483474599217
0.0459695535853158 0.0621563801144332
0 0.1875
0 0.09375
0.0286717279645069 0.15625
0.0288404609459089 0.0864733655684921
0.0576729920069157 0.211636611055556
0.0331876674462037 0.189171440977879
0.0648146175026007 0.168062617532288
0.0240825283856387 0.223671503747032
0.0518453486641619 0.248265579322429
0.0986808372189948 0.156433131431185
0.0918147267322362 0.191563977500734
0.18118977339484 0.240871092452825
0.141556192967771 0.327514487195202
0.0338983821997845 0.369918597788811
0 0.34375
0 0.4375
0.0519314511567363 0.397423679442751
0.0336922569666706 0.437855752737743
0.0374306345256546 0.480088015845386
0 0.46875
0.0698407679605708 0.480611183038468
0 0.625
0.0531392608742951 0.511104009903096
0.0301171202060582 0.301220424604041
0.133483803184866 0.276135358187744
0.122838307066524 0.241642132502701
0.0920221389762901 0.230317235102015
0.124595082082422 0.510646340469714
0.0890316189733398 0.536550323978184
0.0967070765633812 0.617224401525559
0.145525586532428 0.584491715133184
0.104246481415174 0.575804924508297
0 0.5625
0.0469487217856884 0.557872322879258
0.161264880354873 0.557094478659042
0.15957367109084 0.639995371056812
0.0681513725247421 0.5906306117472
0.163546440078141 0.609460228519155
0.196427595201959 0.625275209252994
0.130987262852003 0.620750132329152
0.114228079548365 0.676497210642415
0.0497897632137492 0.638974891965697
0.0270912420157563 0.593965787859832
0.187127029495544 0.655484462802729
0.156807150864359 0.67716841477202
0.215276099885454 0.665694525314664
0.135191067073289 0.697547995515182
0.114865495455094 0.721657165331301
0.268194932103828 0.826886040860717
0 0.8125
0 0.6875
0.21875 1
0.205051869665908 0.939099630833724
0.184992184360282 0.966297767517148
0.15625 1
0.140625 0.971996293449099
0.0654623559644916 0.957855505701766
0.161203723191322 0.948111066003994
0.102158853893732 0.936919866417437
0.0625 1
0.106181106517154 0.971138845066995
0 0.9375
0.03125 0.976627063236852
0.0392005896028933 0.92687242712739
0 0.90625
0.0332446731027938 0.890625
0.0621032491206563 0.893973166891979
0.151918769236283 0.92108394377716
0.970756689283457 0.752169782846734
0.960624737771417 0.685420383143496
1.00761553935527 0.657977081654475
1.07665828703584 0.635015571455924
1.16416949101458 0.666227809719426
1.08559918764712 0.698277043538851
1.11431073241161 0.642733694820947
1.07065470451264 0.66812662851172
1.04674324368239 0.698757615630802
1.14934599665489 0.613141716820624
1.1098596772664 0.675625329335253
1.31660996422157 0.667046028830784
1.01900628288117 0.740054796821029
1.06671064187102 0.74213183570125
1.21875 0.525251402738418
1.375 0.5
1.25497633473879 0.538120986413615
1.22439641257114 0.566778614333012
1.3125 0.5
1.18893100347342 0.593294471369194
1.22299328683375 0.665552984845116
1.28125 0.5
1.296875 0.538883662382875
1.13788467289278 0.729958341877976
1.5 1
1.34375 0.535138695249408
1.29276472378471 0.726972067704978
1.30403375848144 0.634366155310049
1.23768561883599 0.604471751190704
1.19566327751117 0.634278560168478
1.25442808570594 0.568180355896072
1.33818646714762 0.621223157969616
1.24962857765638 0.705634925959242
1.2962362209916 0.693646251995048
1.28178220167586 0.663418076211355
1.34440902138769 0.688337987520019
1.26804686824859 0.627726153826864
0.6875 0
1.23712912440737 0.636645539173123
1.27498612509897 0.590117385936607
0.78125 1
0.765625 0.972089708690127
0.751976711303703 0.923894589187128
0.676218487313912 0.0718821437273437
0.81238404340137 0.23962044754113
0.851986625414316 0.155191119665673
0.850308296225329 0.226977802829178
0.851135818818976 0.191582421142067
0.824179998487935 0.172746613973441
0.886425619731796 0.1742018789114
0.805048860786857 0.141684643197573
0.775126032663692 0.149291429893444
0.91715906208545 0.153819693132323
0.875 0
0.787952893992217 0.082644500292994
0.836694635622889 0.0824097815513886
0.812512458041946 0.107584338789653
0.754061428404436 0.0913930024999089
0.731262623432839 0.0471600509294395
0.93215795577509 0.0988090287234374
0.886628777082789 0.13313444056692
0.848478657492009 0.117931015285225
0.883004485476434 0.0867619481011604
0.151900374524279 0.214792088237181
0.331101977452356 0.0986338879715246
0.303887239530864 0.117779886004402
0.284371173120239 0.0571571750065397
0.363117047458155 0.0442129553387581
0.0227524690307114 0.03125
0.0265817759133288 0.268834671521131
0.0206221594448998 0.53125
0.0847808061422141 0.652975802114196
0.114356220497737 0.646143046867823
0.0795962293535115 0.689660294637715
0.0231541229294941 0.78125
0.0391404542712851 0.712811697754932
0.934855415146799 0.73898316186326
0.962462961074928 0.719285026447597
0.940622819613615 0.778745968471233
0.977856480989912 0.790592003559907
0.941253797659991 0.808877593847988
1.03680023482905 0.831883084437847
1.00150524644851 0.819550139388381
1.01842126756841 0.781600117617133
1.00023930058126 0.87984396303557
0.988862720497389 0.849444895301298
0.960180452688101 0.877507304021694
0.93249941309128 0.681907164633535
0.960356841791951 0.64703886892602
1.04349222640523 0.726537350531067
1.16947567010195 0.572228854130862
1.10145185686871 0.731099998017951
1.11887978222455 0.705366914391686
1.152772706548 0.698813035658075
1.42579992297821 0.84886935040789
1.19391437920839 0.694916820632303
1.09423413888227 0.768589168055297
1.17640982856147 0.729243049226816
1.12723539054778 0.761901952362004
1.4565547341008 0.814958304566162
1.07867190935849 0.812172930180583
1.05711165548471 0.779662616255294
1.21643292927158 0.728026392468418
1.25489927092374 0.749251028643132
1.25 1
1.39496212900253 0.83578826178194
1.30465584421743 0.786237784548607
1.11811927719186 0.801687955048637
1.34952853664548 0.749016449946315
1.36788253641097 0.924826301469682
1.31454975729348 0.754981065527207
1.37550457961337 0.808521281958459
1.49725453067329 0.820039838931824
1.37213808696953 0.776272198652271
1.37991928656214 0.864975517216297
1.40915023531776 0.722563828790117
1.38306989044293 0.744198342531694
1.43641434886306 0.787365001526004
1.36210370350259 0.717400266850518
1.40271184551007 0.79088321717696
1.41628262487396 0.757699051855425
1.32739527905962 0.721904121675951
1.38995773299 0.680523354591625
1.33719775551136 0.782250804579096
1.47500148796298 0.72748768122628
1.36152366108468 0.837776547534156
1.4520663103945 0.755079555740868
1.32537164454678 0.820523318405352
1.51244668102188 0.781941361267516
1.47451957122144 0.785901633775803
1.27943463361049 0.807184443839762
1.42243343033437 0.816620267101702
1.375 1
1.34687120281431 0.867506814465378
1.30647681880438 0.85758038113734
1.49065384557638 0.75682577780222
1.54607326423739 0.730750884201159
1.51061956189624 0.727329295834327
1.49252975132289 0.664267469276646
1.53240812808802 0.686953544262484
1.49268130634674 0.69834951420515
1.44475446631073 0.689202286459704
1.19857817571444 0.799584637377737
1.125 1
1.47165392360912 0.85955384571001
1.25228925055458 0.911743429276504
1.75 1
1.15806816815817 0.789904008029632
1.19741398726393 0.761287532398503
1.1069497510247 0.839113543003836
1.28702142678921 0.8923037552871
1.53593321537749 0.813385102614062
1.15958410577635 0.757258968440572
1.16588761659002 0.846782720511272
1.23121471959933 0.779426276056609
1.06836249826234 0.869576346131679
1.1875 1
1.24242969889894 0.853380507052566
1.55599406624483 0.773907518430596
1.53212509135725 0.875914562722272
1.13526774109814 0.851793161958445
1.14587632095367 0.820556941229219
1.10646150312034 0.878165729855692
1.26299219170301 0.779985787792062
1.24659706536596 0.808466470967924
1.283552216035 0.926852650317935
1.32542348179737 0.913608506339646
1.25961940600315 0.960143592248927
1.27401244322605 0.862202781636434
1.52126681976132 0.843872590243949
1.20191715987033 0.87608562493088
1.15781408832624 0.893511181779252
1.32146808082643 0.883728481425656
1.3522462124703 0.898047278721011
1.3846735766322 0.897067428636559
1.4375 1
1.3125 1
1.12209648483836 0.919441068198356
1.0625 1
1.37439520037493 0.962133471737113
1.08040435952656 0.9049540776341
1.39487361975873 0.939336542071894
1.41139583732794 0.912984280185631
1.41312184735343 0.879696567587793
1.41030900621687 0.973798426197858
1.43119728872845 0.943754943504334
1.45229583491093 0.898416392620334
1.33874892339179 0.949134156978009
1.28125 1
1.296875 0.965722300979269
1.03368840965516 0.91357648390984
1.49446668734665 0.895169835631561
1.21875 0.971368730717973
1.50094618066662 0.865905574936818
1.56594362181136 0.846593464576463
1.47649638203412 0.937256689683715
1.16886989858907 0.94829615498846
1.23199310837141 0.939572413143874
1.2174037437819 0.907616496693092
1.19922759852404 0.935223074305256
1.09375 1
1.18898879053619 0.970255201482501
1.15625 1
1.140625 0.968794184846757
1.09375 0.964838187792856
1.1520792678402 0.923176528078309
1.52554622929992 0.909500740465894
1.625 1
1.09389086513554 0.93337764984655
1.05541596218863 0.94893596209937
1.0096463192664 0.952705042113817
1.14461436275854 0.643075620103916
1.34375 0.5
1.32351152419944 0.577052720972516
1.25275740719295 0.674664927738655
0.744681325810507 0.951990633049009
0.730810240028822 0.905279980710633
0.758053066726103 0.892322647772183
0.722888776297992 0.933047208726436
0.784474142865691 0.910671122208561
0.65625 0
0.671875 0.0340457359021538
0.704283209174211 0.0283108588158221
0.685340295446264 0.106164263532286
0.76363666768603 0.0584656549544647
0.8125 0
0.803805425730183 0.0423852799920822
0.773664266549407 0.0253036422768408
0.84375 0.0284947801932102
0.885401621547929 0.0427905800372874
0.830284634381873 0.0541518269004223
0.860656213891397 0.0621183693807921
0.9375 0
0.914047274581292 0.0664032468537148
0.919257642841517 0.0309002626367458
1 0.0625
0.956988074725018 0.0636685063058653
0.979327134656708 0.09375
0.977629195221315 0.03125
0.706972831169961 0.0667178112302276
0.903737224045158 0.108469435227053
0.0180849160774953 0.65625
0.0482940933617676 0.673961264238538
0.0563823067616345 0.736074736388361
0.0312620685856431 0.75240576294097
0 0.71875
0.994321478873019 0.71990510441503
1.36177075369754 0.652882416815817
1.40610174263098 0.595244353452051
1.37580778893709 0.617811567931625
1.36730927056576 0.574786536075171
1.41698639599792 0.641472503847108
1.4375 0.5
1.39594433808148 0.567496610490069
1.37462005604837 0.543618835555705
1.4322492187742 0.569939753094817
1.44594918576975 0.610257568817098
1.41646090626385 0.533587453499303
1.50123773194128 0.56898402985873
1.45602992552025 0.648655022636352
1.45887379621862 0.536771634118367
1.40625 0.5
1.46689850265529 0.580652477155367
1.49831884282927 0.616756903874112
1.46875 0.5
1.6797781806264 0.652633946279646
1.44228377628509 0.722245119321861
1.41589574107496 0.694083180890869
1.06596962442167 0.839519124770557
1.03314013156963 0.867008735783625
1.21806631982115 0.828469587953129
1.45796749543453 0.969230789392208
1.56213485160656 0.876363935101515
1.60749199347587 0.867037952426259
0.981926208895374 0.938147901202957
0.984075972894237 0.906795123008132
1.03475498320139 0.977825626846434
1.30434262267851 0.602504680018923
1.29517384918319 0.568449586042533
0.95816847996145 0.118898352131486
1.60495142916427 0.794009366857666
1.56567065640379 0.663906698511547
1.57983476787378 0.597805863832489
1.61055147460294 0.581519110168023
1.19537989436384 0.847321943500671
1.58757895286089 0.941226922438982
1.00697822875881 0.924115193338687
1.62340147504953 0.763754058518909
1.60607366294724 0.661637348103279
1.6875 1
1.65617332885129 0.599790014651745
1.56632119995944 0.535210239676899
1.75852957407198 0.81731985330106
1.63588343748473 0.827031235004156
1.69297510466027 0.812512335896605
1.71875 1
1.64165620902483 0.646741401933221
1.71382803754343 0.889470085264401
1.5 0.25
1.67156923381995 0.936850682248366
1.72302465473557 0.77975813809373
1.78125 0.971155835479727
1.67543921153999 0.867615041261486
1.58834793108702 0.706850103173205
1.68624648177514 0.969943968886014
1.7502638116282 0.862121502587704
1.80985701253404 0.971513100871843
1.73611876760367 0.922396854147937
1.78308565624069 0.925996162356542
1.53903342012777 0.956787823668321
2 0.5
1.65796725321699 0.805585862610919
1.63445052579577 0.679475599395232
1.61223177583707 0.621797273781608
1.66693385368139 0.836912724055544
1.5625 1
1.54513475522038 0.595641715254795
1.60519517213325 0.829445626045208
1.57333619704855 0.810017645157068
1.56257163587151 0.913614626498999
1.60004561635783 0.904806184261461
1.53003650130354 0.644729632017518
1.67072146097433 0.899122440768861
1.63830122160547 0.938244926925844
1.63458198367723 0.891997188573382
1.64151116049766 0.857295531593884
1.62621738858537 0.522279444214352
1.56215552957152 0.627742780010755
1.65166771570945 0.708233518752441
1.8125 1
1.70373258813806 0.945465970631874
1.696987247018 0.915341866381688
1.65647310800559 0.974243100035847
1.5819055875704 0.564602288802321
1.70012454283388 0.847475333889533
1.7397677469157 0.961787217336
1.68618885906725 0.75487969178131
1.72507435494185 0.824160972040474
1.875 1
1.82926137045055 0.950490263324762
1.84375 1
1.859375 0.968552609098703
1.85905433415575 0.934953258001016
1.82414963828026 0.904355036717778
1.90625 0.964867649490632
1.9375 1
2 0.75
1.87633774148808 0.906138278359276
1.61444993370196 0.96541766632655
1.59375 1
1.578125 0.97193007936105
1.53125 1
1.51012476029447 0.939466187189821
1.51616676925471 0.593871791619788
1.53233116112658 0.567254001074591
1.51489919451635 0.534235793035556
1.54122233498907 0.502420220659077
1.58840287186578 0.49230712072087
1.5 0.375
1.5 0.4375
1.52251694574888 0.46875
1.56665610204929 0.413208666856106
1.53675375791885 0.434754569593692
1.5 0.40625
1.57328106792395 0.453925924088617
1.53532247745743 0.390625
1.6421490495365 0.421823058582113
1.5 0.3125
1.61742446596171 0.458703388324374
1.59102390101426 0.346370960921057
1.53494064851065 0.34375
1.56941415451638 0.376353323333852
1.61409999985176 0.385781806188923
1.55823547462505 0.702925684580053
1.58212575793345 0.745181783517772
1.6459625857347 0.559192312754518
1.70152632006141 0.505733090975235
1.66620531852766 0.524626776737876
1.64836171496411 0.48682067750982
1.71269953555845 0.569083430991842
1.61869075553049 0.492934941314461
1.67806177587602 0.572701938342913
1.69969818617788 0.612221765420314
1.69673513427237 0.53923861143704
1.75026361264023 0.529797695668071
1.74870937908579 0.70201921097612
1.76171656686456 0.896606575031056
1.79725467962588 0.865659787236584
1.90625 1
2 0.875
1.81098964648708 0.929163949722359
1.49153443455538 0.967470437402683
1.59499303216633 0.522833122433622
1.6110913283211 0.549970617960901
1.60379521864668 0.422838488228091
1.5 0.34375
1.55939409534828 0.28125
1.67242650696474 0.325168826236511
1.67277697580095 0.624067323396867
1.72490381546772 0.737266463404684
1.69138214645971 0.714939317339341
1.79131742610512 0.756458784934911
1.67591499353008 0.685586706196279
1.71685396568666 0.673683321097355
1.75435567456354 0.759856338141197
1.77016726397442 0.729118575762747
1.77550646488502 0.787203381358435
1.80747801949246 0.677529982971448
1.8379136335527 0.799859555676883
1.78154731448234 0.69806249683549
1.801049139047 0.821445225630897
1.80849489747565 0.784730441966913
1.75997591446848 0.657279301390044
1.82116073798885 0.721450339581796
1.8407025641221 0.75826935538947
1.71891109320432 0.703444671989945
1.84084063668994 0.84713020071626
1.89620160895296 0.705217580684695
1.91303605060795 0.78400846006048
1.86097041275375 0.723916665803857
1.87323942720161 0.781339802087929
1.85718503845473 0.674245265109234
1.89556023112683 0.746548478533717
1.88993506529818 0.830434314929279
2 0.625
1.86631400844563 0.811081049367968
1.92853221206249 0.753972797584589
1.96468321766399 0.759489938824307
2 0.8125
2 0.78125
1.96601081511563 0.796875
1.96504817896947 0.84375
1.79388043956924 0.896699272176803
1.77528894103741 0.84357523158655
2 0.9375
1.53552048909258 0.307943097115586
1.5 0.28125
1.57114658369321 0.315783629796388
1.52969704767414 0.265625
1.62572803255215 0.277941846761278
1.5 0.125
1.6094009277868 0.31267621740191
1.57224438609864 0.22079282689152
1.5 0.1875
1.5927632997139 0.283651084517431
1.57815157061605 0.253642674358252
1.62071428772296 0.229032834751332
1.64320525698065 0.307361637081768
1.68661981707284 0.261669444388866
1.63737466878398 0.349808863693094
1.67267138884562 0.291887634712091
1.73321411821879 0.301505254894598
1.70102990439646 0.308737792388262
1.72994330506977 0.362175256205066
1.70165600149028 0.34293984675532
1.68751209508921 0.394156808733166
1.67101551021097 0.360413227731413
1.53200322544531 0.22520808454428
1.5 0.21875
1.54737578669365 0.179726469567533
1.72777436667041 0.637509980456498
1.73636365036402 0.599743884933365
1.74861653636102 0.565824602928214
1.81330584245948 0.550730961168167
1.79074648087941 0.600216217130622
1.77883259513633 0.549154915033448
1.79886311381658 0.488831380607666
1.79735503465223 0.521817969559689
1.85658519655464 0.507998083413687
1.85106673708613 0.881159471976292
1.88792195756598 0.869145838559268
1.92490890106829 0.851661157853777
1.92181331249414 0.817336250438409
1.95364467405257 0.891675421108843
1.91479760349393 0.897871995245763
1.94067221629765 0.935216291164638
1.90163536514686 0.930235796100448
1.83349642936786 0.69351584308857
2 0.6875
1.9726694350067 0.71875
1.94274912567028 0.665005996788311
1.967342624924 0.686514932140839
1.93506871105497 0.70840582021527
1.97606955863811 0.651721806479774
1.9406643880791 0.595938832310082
1.96623381697975 0.618837273679574
1.9325280261582 0.630749467257361
2 0.5625
1.89886784940268 0.659445729693822
2 0.59375
1.87669013570811 0.599342179437779
1.96971543123723 0.578125
1.90917167202463 0.606934156303993
1.92361089921026 0.535532430842513
1.94065651021884 0.56333064811812
1.90111037182032 0.568143107944058
1.9666808476594 0.528247549361191
1.8572940351192 0.559003724070153
1.89168158760293 0.517910513058982
2 0.53125
2 0.25
1.91940069587689 0.49421106237792
1.8833958048272 0.480159386040084
2 0.375
1.83905632929981 0.464286968960233
1.92630799611359 0.423358484917744
1.96041984357812 0.487088002643445
2 0.4375
1.93457531339002 0.459927431314815
2 0.46875
1.96879983476922 0.453125
1.96697494546842 0.410518131812693
1.9004397580144 0.448425630948294
1.86893674233529 0.390034807960997
1.89292286799844 0.414787478607085
1.86517217859903 0.438647687579398
1.92480946179212 0.359890359449517
1.81143727885774 0.410034273432467
1.91660808002426 0.391835754321141
1.83379586729679 0.432808450194452
1.94853157226173 0.383006039987231
1.80505556162136 0.45379012639598
1.96222001595109 0.345228420684248
1.74390350374477 0.461051197166413
1.77557518926612 0.466648178892456
1.76638462324463 0.499611866982885
1.76719276735867 0.421672955483884
2 0.40625
2 0.84375
1.6073958466496 0.255109620177007
1.65105072414817 0.250634485486432
1.68216073578838 0.213199860324777
1.7983297693556 0.222501476280785
1.76109652774886 0.213106882177157
1.83994620357325 0.278889667032902
1.75 0
1.73497982926296 0.264696999474647
1.80279198743088 0.261785317742443
1.76981220874053 0.284814405474087
1.80471655692755 0.299671065903608
1.77030264773827 0.250387172327023
1.82936696703052 0.200870226992045
1.72727386256844 0.194924473123055
1.8445267795719 0.166209028671527
1.83455309829567 0.238344519884702
1.8264346833402 0.330773427013381
1.77010081283754 0.333917041315268
1.90912501178424 0.249056605578213
1.73026723433955 0.229905675360434
1.77641759049576 0.144057422822265
1.8703283736132 0.254217133256356
1.80568093536553 0.169864804657695
1.75901929761076 0.176421485978544
1.71034588823493 0.129397080719807
1.7413142515616 0.146045072435952
1.75534236658937 0.0828227115307449
1.75724429883766 0.116412219400728
1.83790938637587 0.0706626917538469
1.78938525958968 0.114592307957487
1.82265256410444 0.134315118528791
1.86638907150365 0.214842680071875
1.89712818281337 0.307280972465281
1.78574161884829 0.193911769554186
1.875 0
1.89297767957384 0.276077657134954
1.93980630611298 0.285726452880908
1.86740964258376 0.295356281741353
1.86784354676487 0.337269313603484
1.8596102904068 0.13241601412926
1.90419883469769 0.124309816880158
2 0.125
1.87661804456472 0.160270194123211
1.89998588987705 0.339364513305906
1.93057196007976 0.320471147603336
1.84240644379476 0.364190391123205
1.83838609934773 0.39485683078626
1.80973857220816 0.375504412353677
1.8396603258009 0.104737037565755
1.88072276134662 0.0855448495019032
1.64900170479185 0.387554798828017
1.52602361175511 0.197848272267522
1.51919806946912 0.15625
1.57490423225537 0.118036915430212
1.55244018515212 0.144999468942481
1.5 0.0625
1.60870533226266 0.169037865846823
1.57662487962691 0.166259216925535
1.536258493199 0.108678256195376
1.5 0.09375
1.625 0
1.52763544471089 0.078125
1.52706921663502 0.046875
1.56250235345858 0.0847779789369275
1.62766221223633 0.0794223373385784
1.59583756697441 0.0912893852632395
1.5625 0
1.62693602207374 0.12608151453619
1.82945167400251 0.632307319228383
1.94987738274042 0.819991064458859
1.97231127870106 0.870797602711348
2 0.90625
1.97089360895985 0.921875
1.96944550464004 0.959494865778575
1.82910308795728 0.587817430940729
1.83927210179024 0.533746433748698
1.82531586140532 0.50566750439673
1.88296192896873 0.545548415565126
2 0.3125
1.73306199510034 0.493205520538551
1.70376968016866 0.465424115039452
1.67921370349493 0.484274388128189
1.66108569891614 0.452808759370902
1.71959679707966 0.424325610522671
1.68544229814768 0.428503587796348
1.71942676146703 0.392360906840223
1.75506936795122 0.387853845745338
1.70972601679331 0.280335441426955
1.7388958101167 0.332234731590367
1.70123693813723 0.23588480134464
1.69068617986561 0.16942609267318
1.95463914668185 0.242145673951619
1.89355308177191 0.370270805926615
1.79903120000436 0.346026365884563
1.79611283243183 0.07325911205367
1.81205346193139 0.0970677816852911
1.8125 0
1.6875 0
1.76691974925431 0.0404922713581827
1.81496440970054 0.0390136188454646
1.73401546214443 0.0542413713374397
1.71605566999458 0.0898902140566399
1.78125 0
1.84375 0
1.859375 0.036864205281821
1.66964531153516 0.103348736267087
1.68302669225356 0.0509018337958615
1.90625 0.0349888562134874
1.9375 0
1.60039133544244 0.201901422676056
1.63897323126613 0.194178637299531
1.5 0.03125
1.59511961919443 0.0407573680785071
1.53125 0
1.59826095196874 0.139258536298743
1.8313599137617 0.661184353382826
1.80508804245003 0.648418873073775
1.85572354531418 0.645072799537434
1.96875 1
1.93832554835108 0.967801167706497
1.84894213713497 0.609908298285486
1.96496152830745 0.310223246570586
1.97437318273668 0.275394553413559
2 0.34375
1.71999060591319 0.166376170478878
1.67642372910366 0.137578976644898
1.7101540947815 0.0276383425851535
1.68806520257035 0.0801178907407261
1.65791712400494 0.075131329353848
1.63740912179902 0.0393398370025559
1.65625 0
1.66452106265604 0.0281428420104853
1.90625 0
2 0.0625
1.88358630306125 0.055268006480603
1.92080766030452 0.0740621871019026
1.94867531133893 0.0414308987427481
1.96875 0
2 0.03125
1.96230225554812 0.0812838885680536
2 0.09375
1.93643417752301 0.107096119246256
1.96886911837446 0.113733097900751
2 0.1875
1.93676684086034 0.146508794419346
1.91611985959745 0.194595170293172
1.66763000118296 0.187652734938057
1.6458084647995 0.158011498399535
1.65308378714414 0.220679774458567
1.56165538200691 0.0500561528350232
1.59375 0
1.77808694784966 0.630217586520638
1.88451127797971 0.630599714258636
1.97328653973282 0.1501689532792
1.9517129573748 0.181402064022445
1.94291232464106 0.212268301395085
1.97828534278518 0.215624512990251
1.88532138433106 0.190146426732359
1.90889517540043 0.163017273609818
0.59375 1
1.07830473294573 0.587807128811771
1 0.15625
0.40625 0
0.0331239162706662 0.837938599451692
0 0.84375
0.0350994466479535 0.808370173183564
1.34375 1
1.61958584889017 0.726855844553266
1.65652817642683 0.77157815845516
1.64884074998641 0.740309225459559
1.89742471491431 0.219873942611755
