0 0
0 1
2 1
2 0
1.5 0
1.5 0.5
1 0.5
1 0
0.737764129073788 0.577254248593737
0.702254248593737 0.646946313073118
0.646946313073118 0.702254248593737
0.577254248593737 0.737764129073788
0.5 0.75
0.422745751406263 0.737764129073788
0.353053686926882 0.702254248593737
0.297745751406263 0.646946313073118
0.262235870926212 0.577254248593737
0.25 0.5
0.262235870926212 0.422745751406263
0.297745751406263 0.353053686926882
0.353053686926882 0.297745751406263
0.422745751406263 0.262235870926212
0.5 0.25
0.577254248593737 0.262235870926212
0.646946313073118 0.297745751406263
0.702254248593737 0.353053686926882
0.737764129073788 0.422745751406263
0.75 0.5
0 0.5
1 1
0.5 0
0.5 1
0.25 0
0.253342960713176 0.253342960713176
0.554881700612675 0.846509420371222
0.554881700612675 0.153490579628778
0.155382042785478 0.554582122279207
0.25306009557899 0.746939904421011
0.75 0
1 0.25
0.75 1
0.15495557537132 0.445350331918085
0 0.25
0.444060088300929 0.8531907022208
0.746939904421011 0.746939904421011
0.444060088300929 0.1468092977792
0.74807335555047 0.25192664444953
0.25 1
0.8531907022208 0.555939911699071
0.811162432288322 0.341454821822513
0 0.75
0.812590664032193 0.659272898598765
0.18911564953213 0.341596511587075
0.340727101401235 0.812590664032193
0.658392361905721 0.810862513467942
0.341644487424155 0.189209807413993
0.658545178177487 0.188837567711678
0.844593750713631 0.445421711653889
0.189193998574358 0.658363567581966
0.978781403706332 0.664927585970434
0 0.375
0.375 1
0.770741040983233 0.873200642028919
0.625 1
0.126972310517686 0.22887336508588
0.228999726673713 0.126970643126484
0.375 0
0.625 0
0.769733139128844 0.126121601324139
0.873878398675861 0.230266860871155
1 0.375
0.226944083963583 0.87317264970994
0.126798443095976 0.770665383744563
0 0.625
0.889667523331366 0.785408350943716
0.875 1
0.676025602642266 0.91149214130046
0.0884311757049527 0.323611902011416
0 0.125
0.125 0
0.323765377307657 0.088512925665856
0.675218274861253 0.0884774793680578
0.875 0
1 0.125
0.911522520631943 0.324781725138746
0.321171882726518 0.913005402298357
0.125 1
0 0.875
0.088556844737764 0.675933546238253
0.894538898421635 0.695814447158714
0.9375 0.896474835194315
1.0255538518354 0.792719964719426
0.114675635483297 0.114534150665128
0.884816025331825 0.115183974668174
0.113571421618256 0.886428578381744
1.07206095102306 0.703242579749514
1.25 0.5
1.5 1
1.125 0.5
1.3728473492382 0.768423968734751
1.0875085122348 0.598750374466934
1.2279932828387 0.672906825930186
1.1875 0.579899177663068
0.945192903126355 0.576777568678138
1.16095686684972 0.744255979928185
1.375 0.5
1.4375 0.702084517522676
1.3125 0.595808553307229
1.4375 0.591377366943088
1.56165451502811 0.609233217348005
1.25 1
1.34967212998317 0.678736749744932
1.28326607328949 0.79200538169173
1.51419905324325 0.841507454446764
1.375 1
1.125 1
1.03814407678924 0.906342967996733
1.25824081854553 0.894660463125645
1.42339923555157 0.843887730892222
1.54529359361882 0.733593561695337
2 0.5
1.75 1
1.14773143973757 0.89181639127545
1.3525672214867 0.907486498672643
1.625 1
1.604878647549 0.896090359076608
1.72446761809712 0.445320161938563
2 0.75
1.61994508191741 0.504315826756681
1.5 0.25
1.72968470046493 0.576652306814192
1.5 0.375
1.6206135842315 0.383411163963837
2 0.25
1.72304900277004 0.32963644066591
1.62176152435507 0.261145947367075
2 0.375
1.75 0
1.57283330219334 0.125
1.759432112712 0.16669114120351
1.65493333199885 0.684761432879077
1.69939516560449 0.806884876920319
1.70583692338935 0.908384778194919
1.625 0
1.66066930798493 0.170298339526734
1.60663276761489 0.803274294469168
1.86276021719214 0.847471172635751
1.6875 0.0757939289112022
1.83712702182563 0.506614536837376
1.79614678993144 0.70250483885301
1.78948040328918 0.793356030498219
1.87518376606663 0.753974509469143
2 0.625
1.82964785616283 0.386179790752128
1.91035535630127 0.3125
1.88789084615186 0.184739534717656
1.91855879778746 0.4375
1.81148378734883 0.264029653756332
1.875 0
2 0.125
1.83491532014471 0.0956165677756057
2 0.875
1.8905485951147 0.643960692516867
1.92059028081482 0.553213415762003
1.875 1
1.91966066493306 0.919660664933063
